#01400 Ekofisk Observations at 12Z 31 Oct 2009
#
#-----------------------------------------------------------------------------
#   PRES   HGHT   TEMP   DWPT   RELH   MIXR   DRCT   SKNT   THTA   THTE   THTV
#    hPa     m      C      C      %    g/kg    deg   knot     K      K      K 
#-----------------------------------------------------------------------------
 1014.0     29   11.8   11.0     95   8.19    160     29  283.8  306.6  285.2
 1011.0     58   11.4    7.1     75   6.29    161     29  283.7  301.3  284.7
 1000.0    165   10.6    9.7     94   7.61    165     29  283.8  304.9  285.1
  992.0    232   10.0    9.6     97   7.62    167     29  283.8  305.0  285.1
  925.0    812    7.2    5.7     90   6.24    185     31  286.7  304.4  287.8
  910.0    946    6.0    5.3     95   6.17    190     29  286.8  304.3  287.8
  889.0   1138    6.8    6.8    100   7.02    197     27  289.5  309.6  290.8
  867.0   1345    7.0    7.0    100   7.30    204     24  291.8  312.9  293.1
  850.0   1508    6.4    6.2     99   7.04    210     21  292.8  313.3  294.1
  836.0   1644    5.9    5.2     96   6.70    215     19  293.7  313.2  294.9
  783.0   2179    3.8    1.5     85   5.46    195     14  297.0  313.3  298.0
  778.0   2231    3.6    1.1     84   5.35    196     14  297.3  313.4  298.3
  718.0   2878   -1.3   -2.6     91   4.42    210     20  298.8  312.3  299.6
  707.0   3001   -1.5   -7.5     64   3.09    213     22  299.9  309.6  300.5
  700.0   3080   -2.1   -6.2     73   3.45    215     22  300.1  310.8  300.8
  686.0   3240   -3.5   -4.4     93   4.04    218     24  300.3  312.7  301.0
  659.0   3556   -5.5   -8.5     80   3.07    225     27  301.5  311.1  302.0
  652.0   3640   -6.1   -9.6     76   2.84    225     27  301.8  310.7  302.3
  646.0   3712   -5.5  -17.5     38   1.51    225     27  303.2  308.2  303.5
  642.0   3761   -5.1  -13.1     53   2.18    225     27  304.2  311.3  304.6
  636.0   3834   -5.7  -12.7     57   2.27    225     27  304.4  311.7  304.8
  605.0   4223   -8.7  -10.8     85   2.79                305.3  314.2  305.8
  571.0   4669  -11.5  -15.9     70   1.95                307.1  313.5  307.4
  558.0   4845  -13.1  -15.0     86   2.15                307.2  314.2  307.6
  540.0   5093  -14.9  -22.9     51   1.13                308.0  311.8  308.2
  529.0   5249  -16.1  -18.0     85   1.76                308.3  314.2  308.7
  516.0   5435  -17.5  -18.7     90   1.70                308.9  314.5  309.2
  500.0   5670  -19.3  -20.1     93   1.56                309.4  314.7  309.7
  478.0   6004  -21.7  -22.9     90   1.28                310.5  314.8  310.7
  450.0   6448  -23.3  -35.3     32   0.42                313.9  315.4  314.0
  443.0   6563  -24.1  -43.1     16   0.19                314.3  315.0  314.3
  428.0   6814  -26.1  -53.1      6   0.06                314.8  315.1  314.9
  400.0   7300  -30.3  -54.3      8   0.06                315.5  315.8  315.5
  300.0   9280  -47.3  -53.3     50   0.09                318.6  318.9  318.6
  298.0   9324  -47.7  -53.7     50   0.09                318.6  319.0  318.6
  250.0  10460  -56.7  -61.7     53   0.04                321.6  321.8  321.6
  242.0  10665  -58.5  -62.6     59   0.03                321.9  322.1  321.9
  215.0  11403  -61.7  -69.7     34   0.01                328.1  328.1  328.1
  200.0  11850  -61.9  -72.9     22   0.01                334.6  334.6  334.6
  161.0  13212  -56.3  -83.3      2   0.00                365.4  365.4  365.4
  150.0  13660  -58.1  -86.1      2   0.00                369.8  369.8  369.8
  106.0  15846  -58.7  -88.7      1   0.00                407.2  407.2  407.2
  100.0  16210  -61.3  -92.3      1   0.00                409.0  409.0  409.0
   85.6  17179  -59.3  -90.3      1   0.00                431.6  431.6  431.6
#Station information and sounding indices
#
#                             Station number: 1400
#                           Observation time: 091031/1200
#                           Station latitude: 56.53
#                          Station longitude: 3.21
