#03005 Lerwick Observations at 12Z 31 Oct 2009
#
#-----------------------------------------------------------------------------
#   PRES   HGHT   TEMP   DWPT   RELH   MIXR   DRCT   SKNT   THTA   THTE   THTV
#    hPa     m      C      C      %    g/kg    deg   knot     K      K      K 
#-----------------------------------------------------------------------------
 1001.0     82   10.8   10.7     99   8.13    190     16  283.9  306.4  285.3
 1000.0     93   10.8   10.8    100   8.19    189     16  283.9  306.7  285.4
  990.0    176   10.3   10.3    100   8.01    175     17  284.3  306.6  285.7
  967.0    371    9.2    9.2    100   7.60    185     20  285.1  306.4  286.4
  959.0    440    8.8    8.8    100   7.46    189     20  285.3  306.3  286.6
  953.0    492   10.8   10.4     97   8.37    192     20  287.9  311.5  289.3
  946.0    554   10.8    8.3     85   7.31    195     20  288.5  309.3  289.8
  925.0    740    9.4    7.7     89   7.17    205     19  288.9  309.4  290.2
  913.0    848    8.8    7.4     91   7.12    205     20  289.4  309.7  290.6
  902.0    949    8.2    7.1     93   7.06    203     21  289.8  310.0  291.0
  866.0   1285    6.1    4.8     91   6.28    195     26  291.0  309.2  292.1
  864.0   1304    6.0    4.7     91   6.23    196     26  291.1  309.1  292.1
  850.0   1438    5.4    3.4     87   5.78    200     28  291.8  308.6  292.8
  827.0   1662    4.4    1.7     83   5.26    200     31  293.0  308.5  293.9
  823.0   1702    4.2    1.4     82   5.17    200     31  293.2  308.5  294.1
  791.0   2023    1.6   -2.8     73   3.95    200     29  293.8  305.6  294.5
  777.0   2167    0.2   -3.4     77   3.85    200     29  293.8  305.3  294.5
  747.0   2481   -2.1   -9.1     59   2.58    200     27  294.6  302.6  295.1
  733.0   2632   -3.3   -8.3     68   2.80    203     22  294.9  303.5  295.4
  723.0   2740   -3.5  -13.5     46   1.88    205     18  295.8  301.8  296.2
  722.0   2751   -3.6  -13.4     47   1.90    205     18  295.9  301.8  296.2
  703.0   2961   -5.1  -11.1     63   2.34    205     23  296.4  303.8  296.9
  700.0   2995   -5.1  -13.1     53   2.00    205     24  296.8  303.1  297.2
  690.0   3108   -5.5  -16.4     42   1.55    210     27  297.6  302.5  297.8
  686.0   3153   -5.7  -17.7     38   1.39    211     25  297.9  302.4  298.1
  676.0   3268   -6.7  -14.8     53   1.81    215     21  298.0  303.8  298.3
  668.0   3361   -7.5  -12.4     68   2.22    210     23  298.1  305.1  298.5
  659.0   3467   -7.7  -18.1     43   1.41    205     26  299.1  303.6  299.3
  658.0   3478   -7.7  -18.7     41   1.34    205     26  299.2  303.5  299.4
  626.0   3864  -10.9  -15.3     70   1.87    205     34  299.8  305.8  300.1
  618.0   3962  -11.4  -17.9     59   1.53    205     36  300.3  305.3  300.6
  608.0   4087  -12.1  -21.1     47   1.18    203     37  300.9  304.8  301.1
  601.0   4176  -12.1  -31.1     19   0.48    201     38  301.9  303.6  302.0
  575.0   4508  -14.9  -34.2     18   0.37    195     41  302.5  303.8  302.6
  549.0   4856  -17.8  -37.5     16   0.28    200     39  303.1  304.1  303.1
  526.0   5178  -20.5  -40.5     15   0.21    192     42  303.6  304.3  303.6
  519.0   5276  -21.4  -40.6     16   0.21    190     43  303.6  304.4  303.7
  510.0   5405  -22.6  -40.7     17   0.21    185     39  303.7  304.5  303.8
  500.0   5550  -23.9  -40.9     19   0.22    195     41  303.8  304.6  303.9
  499.0   5565  -24.0  -41.0     19   0.21    195     42  303.9  304.6  303.9
  479.0   5863  -26.5  -42.5     21   0.19    189     43  304.4  305.1  304.4
  470.0   6000  -27.1  -43.1     20   0.18    186     43  305.3  306.0  305.3
  466.0   6062  -27.6  -42.4     23   0.20    185     43  305.5  306.2  305.5
  463.0   6108  -27.9  -41.9     25   0.21    183     44  305.6  306.4  305.6
  446.0   6377  -30.1  -43.1     27   0.19    173     49  306.1  306.8  306.1
  441.0   6457  -29.7  -47.7     16   0.12    170     50  307.6  308.1  307.6
  433.0   6588  -30.5  -51.3     11   0.08    175     44  308.1  308.5  308.2
  415.0   6890  -32.5  -59.5      5   0.03    181     56  309.4  309.5  309.4
  411.0   6958  -32.1  -60.1      4   0.03    183     59  310.8  310.9  310.8
  405.0   7062  -32.4  -62.0      4   0.02    185     63  311.7  311.8  311.7
  400.0   7150  -32.7  -63.7      3   0.02    180     68  312.4  312.5  312.4
  398.0   7185  -32.7  -64.7      3   0.02    179     70  312.9  312.9  312.9
  393.0   7274  -32.3  -64.3      3   0.02    176     74  314.5  314.6  314.5
  391.0   7310  -32.6  -64.0      3   0.02    175     76  314.6  314.7  314.6
  379.0   7529  -34.2  -62.4      4   0.02    170     71  315.3  315.4  315.3
  378.0   7548  -34.3  -62.3      4   0.02    170     71  315.4  315.5  315.4
  372.0   7660  -34.9  -58.9      7   0.04    170     73  316.0  316.2  316.0
  363.0   7829  -36.5  -58.1      9   0.04    170     76  316.2  316.3  316.2
  351.0   8061  -38.6  -56.9     13   0.05    170     72  316.3  316.5  316.3
  343.0   8220  -40.1  -56.1     16   0.06    170     75  316.4  316.6  316.4
  339.0   8299  -40.8  -56.0     18   0.06    170     76  316.5  316.8  316.5
  320.0   8687  -44.1  -55.5     27   0.06    170     74  317.1  317.4  317.1
  300.0   9120  -47.9  -54.9     44   0.07    160     78  317.7  318.0  317.7
  299.0   9142  -48.0  -55.3     43   0.07    160     78  317.9  318.2  317.9
  283.0   9502  -49.7  -61.7     23   0.03    165     71  320.5  320.6  320.5
  276.0   9665  -51.3  -63.3     23   0.03    168     68  320.5  320.6  320.5
  270.0   9806  -52.2  -63.4     25   0.03    170     65  321.1  321.2  321.1
  255.0  10174  -54.7  -63.7     32   0.03    174     71  322.8  322.9  322.8
  252.0  10249  -54.9  -64.5     29   0.03    175     72  323.5  323.6  323.5
  250.0  10300  -55.1  -65.1     28   0.02    175     72  324.0  324.1  324.0
  242.0  10506  -55.9  -67.0     23   0.02    170     63  325.9  326.0  325.9
  230.0  10828  -57.1  -70.1     18   0.01    175     64  328.8  328.9  328.8
  222.0  11051  -56.6  -70.5     16   0.01    180     65  332.9  333.0  332.9
  221.0  11080  -56.5  -70.5     16   0.01    180     65  333.5  333.5  333.5
  216.0  11224  -56.7  -71.7     13   0.01    180     63  335.4  335.5  335.4
  210.0  11402  -56.9  -73.3     11   0.01    190     59  337.8  337.9  337.8
  205.0  11554  -57.0  -74.6      9   0.01    190     51  339.9  339.9  339.9
  203.0  11616  -57.1  -75.1      8   0.01    188     51  340.7  340.8  340.7
  200.0  11710  -56.3  -75.3      7   0.01    185     50  343.4  343.5  343.4
  196.0  11838  -57.3  -76.3      7   0.01    185     47  343.9  343.9  343.9
  195.0  11871  -56.6  -75.9      7   0.01    185     46  345.5  345.6  345.5
  193.0  11937  -55.1  -75.1      7   0.01    186     47  348.9  348.9  348.9
  186.0  12172  -56.5  -79.5      4   0.00    190     52  350.3  350.3  350.3
  181.0  12347  -54.3  -80.3      3   0.00    198     45  356.6  356.7  356.6
  180.0  12382  -54.3  -80.5      3   0.00    200     44  357.2  357.2  357.2
  175.0  12563  -54.2  -81.7      2   0.00    210     38  360.2  360.2  360.2
  165.0  12942  -54.1  -84.1      1   0.00    196     33  366.5  366.6  366.5
  158.0  13218  -55.6  -84.7      2   0.00    185     29  368.5  368.5  368.5
  150.0  13550  -57.5  -85.5      2   0.00    185     41  370.8  370.8  370.8
  149.0  13592  -57.7  -85.7      2   0.00    187     41  371.2  371.2  371.2
  143.0  13852  -56.5  -85.5      1   0.00    202     41  377.6  377.7  377.6
  140.0  13986  -57.0  -86.6      1   0.00    210     41  379.1  379.1  379.1
  138.0  14077  -57.3  -87.3      1   0.00    210     43  380.1  380.1  380.1
  136.0  14169  -57.0  -87.2      1   0.00    210     46  382.1  382.1  382.1
  129.0  14504  -56.2  -87.0      1   0.00    225     44  389.5  389.6  389.5
  127.0  14603  -55.9  -86.9      1   0.00    227     43  391.8  391.8  391.8
  124.0  14755  -55.0  -87.0      1   0.00    230     42  396.1  396.1  396.1
  121.0  14911  -54.1  -87.1      1   0.00    232     34  400.5  400.5  400.5
  118.0  15071  -54.8  -87.5      1   0.00    235     25  402.2  402.2  402.2
  113.0  15346  -55.9  -88.3      1   0.00    220     17  405.1  405.1  405.1
  107.0  15693  -57.3  -89.3      1   0.00    190     19  408.8  408.8  408.8
  102.0  15995  -57.4  -89.4      1   0.00    200     25  414.1  414.1  414.1
  100.0  16120  -57.5  -89.5      1   0.00    205     24  416.4  416.4  416.4
   95.0  16446  -56.5  -88.5      1   0.00    220     29  424.6  424.6  424.6
   94.3  16493  -56.3  -88.3      1   0.00    222     28  425.8  425.8  425.8
   90.7  16740  -57.7  -89.7      1   0.00    231     24  427.7  427.7  427.7
   89.0  16860  -56.9  -88.9      1   0.00    235     22  431.7  431.8  431.7
   87.9  16939  -56.3  -88.3      1   0.00    235     22  434.4  434.4  434.4
   85.2  17136  -58.1  -89.1      1   0.00    234     24  434.6  434.6  434.6
   80.7  17480  -56.3  -88.3      1   0.00    232     25  445.1  445.1  445.1
   75.0  17944  -57.8  -89.2      1   0.00    230     28  451.4  451.4  451.4
   71.7  18229  -58.7  -89.7      1   0.00    250     31  455.3  455.3  455.3
   70.0  18380  -58.9  -89.9      1   0.00    260     33  458.0  458.0  458.0
   67.0  18655  -58.8  -89.8      1   0.00    245     19  464.0  464.0  464.0
   63.7  18973  -58.7  -89.7      1   0.00    229     24  471.0  471.0  471.0
   62.0  19143  -59.6  -90.6      1   0.00    220     26  472.6  472.7  472.7
   61.8  19163  -59.7  -90.7      1   0.00    221     26  472.9  472.9  472.9
   60.1  19338  -58.7  -89.7      1   0.00    234     27  478.9  478.9  478.9
   58.0  19561  -59.3  -90.3      1   0.00    250     29  482.4  482.4  482.4
   56.0  19781  -59.9  -90.9      1   0.00    265     28  486.0  486.0  486.0
   54.0  20008  -60.5  -91.5      1   0.00    250     28  489.7  489.7  489.7
   53.9  20020  -60.5  -91.5      1   0.00    251     28  489.9  489.9  489.9
   52.0  20245  -59.4  -90.4      1   0.00    265     19  497.5  497.5  497.5
   51.5  20305  -59.1  -90.1      1   0.00    256     17  499.5  499.6  499.5
   50.0  20490  -60.5  -91.5      1   0.00    230     11  500.5  500.5  500.5
   49.0  20615  -61.3  -92.3      1   0.00    210     15  501.6  501.6  501.6
   48.7  20654  -61.5  -92.5      1   0.00    212     16  501.9  501.9  501.9
   44.0  21282  -61.7  -91.8      1   0.00    250     25  516.2  516.2  516.2
   43.7  21324  -61.7  -91.7      1   0.00    250     25  517.2  517.2  517.2
   42.6  21482  -60.1  -91.1      1   0.00    252     24  524.9  524.9  524.9
   41.0  21720  -60.4  -91.2      1   0.00    255     22  529.8  529.9  529.8
   40.0  21873  -60.7  -91.3      1   0.00    250     25  533.0  533.0  533.0
   37.0  22358  -61.4  -91.6      1   0.00    255     32  543.2  543.3  543.2
   35.6  22597  -61.7  -91.7      1   0.00    258     31  548.4  548.4  548.4
   34.1  22864  -60.5  -91.5      1   0.00    261     29  558.3  558.3  558.3
   32.0  23259  -60.9  -91.9      1   0.00    265     27  567.5  567.5  567.5
   31.0  23456  -61.1  -92.1      1   0.00    245     23  572.1  572.1  572.1
   30.4  23578  -60.7  -91.7      1   0.00    254     27  576.4  576.4  576.4
   30.0  23660  -61.1  -92.1      1   0.00    260     30  577.5  577.5  577.5
   28.2  24043  -62.7  -92.7      1   0.00    260     27  583.4  583.4  583.4
   28.0  24087  -62.7  -92.7      1   0.00    260     27  584.5  584.5  584.5
   26.0  24543  -63.0  -93.0      1   0.00    255     36  596.1  596.1  596.1
   25.7  24614  -63.1  -93.1      1   0.00    258     36  597.9  597.9  597.9
   25.0  24783  -63.3  -93.3      1   0.00    265     36  602.1  602.1  602.1
   24.0  25033  -63.6  -93.6      1   0.00    255     25  608.3  608.3  608.3
   23.0  25294  -63.9  -93.9      1   0.00    250     40  614.8  614.9  614.8
   21.0  25851  -64.5  -94.5      1   0.00    260     44  629.0  629.1  629.0
   20.0  26150  -64.9  -94.9      1   0.00    260     37  636.8  636.8  636.8
   18.9  26495  -65.3  -94.3      1   0.00    257     43  645.9  646.0  645.9
   17.8  26858  -67.3  -95.3      1   0.00    253     48  650.8  650.8  650.8
   17.0  27136  -67.1  -95.6      1   0.00    250     53  660.1  660.1  660.1
   16.4  27353  -66.9  -95.9      1   0.00    253     57  667.5  667.5  667.5
   16.0  27502  -67.6  -95.9      1   0.00    255     59  670.0  670.1  670.0
   15.8  27578  -67.9  -95.9      1   0.00    256     59  671.4  671.4  671.4
   15.6  27654  -67.3  -96.3      1   0.00    257     59  675.8  675.8  675.8
   15.0  27890  -67.6  -96.3      1   0.00    260     59  682.4  682.4  682.4
   14.0  28305  -68.1  -96.4      1   0.00    260     56  694.2  694.3  694.2
   13.3  28614  -68.5  -96.5      1   0.00    257     57  703.2  703.2  703.2
   13.0  28751  -68.2  -96.5      1   0.00    255     57  708.9  708.9  708.9
   12.2  29133  -67.3  -96.3      1   0.00    255     67  725.0  725.0  725.0
   12.0  29232  -67.7  -96.2      1   0.00    255     70  727.0  727.0  727.0
   11.8  29333  -68.1  -96.1      1   0.00    256     69  729.0  729.1  729.0
   11.4  29541  -66.9  -95.9      1   0.00    258     67  740.6  740.6  740.6
   11.0  29756  -68.3  -96.3      1   0.00    260     65  743.1  743.1  743.1
   10.3  30152  -67.7  -95.7      1   0.00    257     65  759.4  759.4  759.4
   10.0  30330  -66.5  -95.5      1   0.00    255     65  770.3  770.4  770.3
    9.5  30642  -64.5  -94.5      1   0.01    260     66  789.2  789.3  789.2
    9.0  30971  -65.7  -94.7      1   0.01    265     67  796.9  797.0  796.9
    8.0  31681  -67.2  -95.7      1   0.01    275     60  818.3  818.4  818.3
    7.2  32317  -68.5  -96.5      1   0.00    259     65  837.9  838.0  837.9
    7.0  32486  -68.2  -96.3      1   0.01    255     66  846.1  846.2  846.1
    6.2  33217  -66.7  -95.7      1   0.01    264     83  882.2  882.3  882.2
    6.1  33315  -66.3  -95.3      1   0.01    265     85  888.0  888.1  888.0
    6.0  33415  -65.9  -94.9      1   0.01    260     82  893.9  894.0  893.9
    5.9  33517  -65.5  -94.5      1   0.01                900.0  900.1  900.0
#Station information and sounding indices
#
#                             Station number: 3005
#                           Observation time: 091031/1200
#                           Station latitude: 60.13
#                          Station longitude: -1.18
