#06011 Torshavn Observations at 12Z 31 Oct 2009
#
#-----------------------------------------------------------------------------
#   PRES   HGHT   TEMP   DWPT   RELH   MIXR   DRCT   SKNT   THTA   THTE   THTV
#    hPa     m      C      C      %    g/kg    deg   knot     K      K      K 
#-----------------------------------------------------------------------------
 1000.0     26                                                               
  997.0     56   12.2   10.1     87   7.84    185      8  285.6  307.6  286.9
  992.0     98   11.9    9.8     87   7.73    200     38  285.7  307.4  287.0
  989.0    123   11.7    9.7     87   7.67    200     41  285.8  307.3  287.1
  955.0    412    9.6    7.8     88   6.98    190     25  286.5  306.2  287.7
  952.0    438    9.4    7.6     89   6.92    190     26  286.6  306.1  287.8
  932.0    612    8.4    5.8     84   6.24    190     30  287.3  305.1  288.4
  925.0    674    7.8    5.5     85   6.16    190     31  287.3  304.8  288.4
  850.0   1366    2.4    1.4     93   5.01    185     28  288.6  303.1  289.5
  827.0   1587    0.7   -0.0     95   4.64    185     26  289.2  302.7  290.0
  813.0   1725   -0.3   -0.9     96   4.43    186     31  289.5  302.4  290.2
  795.0   1905    1.6   -6.4     55   2.99    188     38  293.4  302.5  293.9
  779.0   2067    0.5  -10.1     45   2.29    190     44  293.9  300.9  294.3
  733.0   2553   -2.9  -21.1     23   0.98    180     32  295.3  298.5  295.5
  728.0   2608   -3.3  -22.3     21   0.88    181     33  295.5  298.4  295.6
  700.0   2917   -5.7  -16.7     42   1.49    185     40  296.1  300.9  296.4
  683.0   3109   -7.1  -15.1     53   1.74    185     41  296.7  302.2  297.0
  614.0   3934  -11.7  -28.7     23   0.59    187     44  300.6  302.6  300.6
  598.0   4136  -13.1  -27.1     30   0.70    188     44  301.2  303.6  301.3
  528.0   5065  -21.2  -29.2     49   0.65    190     48  302.3  304.6  302.4
  507.0   5369  -23.9  -29.9     58   0.63    183     37  302.6  304.8  302.8
  500.0   5470  -24.7  -30.7     57   0.60    180     33  302.9  304.9  303.0
  497.0   5514  -25.0  -32.3     51   0.51    180     33  303.0  304.8  303.1
  475.0   5841  -27.5  -44.5     18   0.15    172     36  303.9  304.4  303.9
  469.0   5931  -28.3  -44.8     19   0.15    170     37  304.0  304.5  304.0
  443.0   6336  -32.0  -45.9     24   0.14    185     40  304.3  304.9  304.4
  434.0   6482  -33.3  -46.3     26   0.14    183     37  304.4  305.0  304.5
  425.0   6628  -34.4  -48.7     22   0.11    180     34  304.9  305.3  304.9
  400.0   7050  -37.5  -55.5     14   0.05    180     40  306.2  306.4  306.2
  380.0   7402  -40.3  -55.3     19   0.06    178     42  307.0  307.2  307.0
  354.0   7881  -42.3  -61.8     10   0.03    175     45  310.6  310.8  310.6
  341.0   8135  -43.3  -65.3      7   0.02    172     56  312.6  312.6  312.6
  332.0   8314  -43.3  -68.3      5   0.01    169     64  315.0  315.0  315.0
  317.0   8623  -45.1  -69.2      5   0.01    165     78  316.6  316.7  316.6
  300.0   8990  -47.3  -70.3      5   0.01    165     80  318.6  318.6  318.6
  275.0   9562  -51.4  -72.5      6   0.01    160     85  320.7  320.8  320.7
  273.0   9610  -51.7  -72.7      6   0.01    160     84  320.9  320.9  320.9
  250.0  10180  -53.5  -74.5      6   0.01    165     68  326.4  326.4  326.4
  237.0  10523  -54.7  -76.7      5   0.00    165     71  329.6  329.6  329.6
  211.0  11272  -51.5  -79.5      2   0.00    179     61  345.7  345.7  345.7
  200.0  11620  -51.9  -80.9      2   0.00    185     57  350.4  350.4  350.4
  189.0  11984  -52.1  -81.1      2   0.00    180     43  355.8  355.8  355.8
  150.0  13470  -53.1  -82.1      2   0.00    185     41  378.4  378.4  378.4
  144.0  13732  -53.7  -82.7      2   0.00    190     39  381.8  381.8  381.8
  127.0  14538  -55.5  -84.5      2   0.00    205     46  392.5  392.5  392.5
  122.0  14795  -55.2  -84.8      1   0.00    210     40  397.6  397.6  397.6
  100.0  16070  -53.5  -86.5      1   0.00    195     26  424.1  424.1  424.1
#Station information and sounding indices
#
#                             Station number: 6011
#                           Observation time: 091031/1200
#                           Station latitude: 62.01
#                          Station longitude: -6.76
