 1033.0     57  -19.5  -24.3     66   0.52    350     10  251.3  252.8  251.4
 1001.0    292  -17.1  -24.1     55   0.55     58     11  256.0  257.5  256.1
 1000.0    300  -17.1  -25.1     50   0.50     60     11  256.1  257.5  256.1
  999.3    305  -17.1  -25.1     50   0.50     65     11  256.1  257.5  256.2
  970.0    528  -17.7  -25.7     50   0.49     47     12  257.7  259.1  257.8
  959.5    610  -17.0  -25.3     48   0.51     40     12  259.2  260.7  259.3
  937.0    788  -15.5  -24.5     46   0.56     43     13  262.5  264.1  262.6
  925.0    886  -13.7  -18.3     68   0.98     45     13  265.3  268.1  265.4
  921.6    914  -13.8  -18.0     71   1.01     40     14  265.4  268.3  265.6
  915.0    969  -14.1  -17.5     75   1.06     43     14  265.7  268.8  265.9
  885.0   1219  -16.5  -18.2     86   1.03     55     15  265.8  268.8  265.9
  858.0   1453  -18.7  -18.9     98   1.01     63     13  265.8  268.7  266.0
  850.0   1523  -14.5  -15.5     92   1.35     65     13  270.9  274.9  271.2
  849.9   1524  -14.5  -15.5     92   1.35     75     15  271.0  274.9  271.2
  823.0   1769  -12.5  -18.5     61   1.09     75     13  275.6  278.8  275.8
  816.5   1829  -12.6  -19.0     59   1.05     75     13  276.1  279.2  276.2
  786.0   2119  -13.3  -21.3     51   0.89    108     11  278.4  281.1  278.5
  784.5   2134  -13.2  -21.7     49   0.86    110     11  278.6  281.2  278.7
  777.0   2207  -12.9  -23.9     39   0.72    105     11  279.7  281.9  279.8
  773.0   2246  -12.9  -32.9     17   0.31    103     11  280.1  281.1  280.2
  756.0   2416  -12.5  -37.5     10   0.20     91     11  282.3  283.0  282.4
  753.8   2438  -12.6  -37.2     11   0.21     90     11  282.5  283.2  282.5
  745.0   2528  -12.9  -35.9     13   0.24    100      9  283.1  283.9  283.1
  740.0   2579  -13.1  -22.1     47   0.88    106      8  283.4  286.2  283.6
  724.2   2743  -13.7  -21.9     50   0.92    125      5  284.5  287.4  284.6
  700.0   3001  -14.7  -21.7     55   0.97    135      8  286.2  289.2  286.3
  652.0   3535  -18.7  -22.7     71   0.95    163     10  287.5  290.5  287.7
  641.2   3658  -19.3  -23.7     68   0.89    170     10  288.2  291.0  288.3
  594.0   4224  -22.3  -28.3     58   0.63    184      7  291.1  293.2  291.2
  590.5   4267  -22.6  -28.4     59   0.63    185      7  291.2  293.3  291.3
  566.3   4572  -24.9  -29.2     67   0.60    200     10  292.1  294.1  292.2
  562.0   4628  -25.3  -29.4     69   0.60    197     10  292.2  294.2  292.3
  551.0   4772  -25.1  -31.1     57   0.52    190     11  294.1  295.9  294.2
  543.0   4877  -25.8  -31.8     57   0.49    185     12  294.5  296.1  294.6
  527.0   5094  -27.3  -33.3     57   0.44    192     17  295.2  296.7  295.3
  520.5   5182  -28.0  -33.6     59   0.43    195     19  295.4  296.9  295.5
  500.0   5470  -30.3  -34.5     67   0.41    185     22  296.0  297.5  296.1
  498.9   5486  -30.4  -34.5     67   0.41    185     23  296.1  297.5  296.1
  469.0   5922  -34.1  -35.3     89   0.41    199     22  296.8  298.2  296.9
  457.3   6096  -35.2  -36.5     88   0.37    205     21  297.6  298.9  297.6
  437.6   6401  -37.0  -38.6     85   0.31    210     25  299.0  300.1  299.0
  417.0   6736  -39.1  -40.9     83   0.26    207     27  300.5  301.4  300.5
  401.0   7003  -40.3  -47.3     47   0.13    205     29  302.3  302.8  302.3
  400.6   7010  -40.4  -47.4     47   0.13    205     29  302.3  302.8  302.3
  400.0   7020  -40.5  -47.5     47   0.13    205     30  302.3  302.8  302.3
  365.9   7620  -45.5  -56.4     28   0.05    225     26  303.4  303.6  303.5
  349.6   7925  -48.0  -60.9     21   0.03    245     28  304.0  304.1  304.0
  349.0   7937  -48.1  -61.1     21   0.03    245     28  304.0  304.1  304.0
  336.0   8187  -50.5  -62.5     23   0.03    241     31  304.1  304.2  304.1
  327.0   8364  -51.5  -65.5     17   0.02    238     32  305.1  305.1  305.1
  303.8   8839  -55.4  -67.7     20   0.01    230     37  306.0  306.1  306.0
  300.0   8920  -56.1  -68.1     21   0.01    225     31  306.2  306.2  306.2
  289.4   9144  -58.0  -68.8     24   0.01    210     35  306.7  306.7  306.7
  275.5   9449  -60.5  -69.7     29   0.01    220     30  307.4  307.4  307.4
  250.0  10050  -65.5  -71.5     43   0.01    195     28  308.6  308.6  308.6
  249.7  10058  -65.6  -71.5     43   0.01    200     27  308.6  308.6  308.6
  230.0  10552  -69.5  -73.9     53   0.01    190     31  309.9  309.9  309.9
  225.6  10668  -68.9  -73.2     54   0.01    175     32  312.6  312.6  312.6
  219.0  10846  -67.9  -72.1     55   0.01    187     33  316.8  316.8  316.8
  214.5  10973  -65.9  -71.0     49   0.01    195     34  321.8  321.8  321.8
  210.0  11100  -63.9  -69.9     44   0.01    197     31  326.8  326.9  326.8
  205.0  11248  -64.1  -72.1     33   0.01    200     29  328.8  328.8  328.8
  204.0  11278  -63.7  -72.3     30   0.01    200     28  329.9  329.9  329.9
  200.0  11400  -62.1  -73.1     22   0.01    225     28  334.3  334.3  334.3
  199.0  11431  -61.7  -73.7     19   0.01    228     28  335.4  335.4  335.4
  194.2  11582  -62.4  -76.5     13   0.01    240     27  336.6  336.7  336.6
  188.0  11781  -63.3  -80.3      8   0.00    237     17  338.3  338.3  338.3
  184.8  11887  -61.9  -80.5      7   0.00    235     12  342.3  342.3  342.3
  184.0  11913  -61.5  -80.5      6   0.00    232     12  343.3  343.3  343.3
  176.0  12188  -62.1  -83.1      4   0.00    205     14  346.7  346.7  346.7
  175.9  12192  -62.1  -83.1      4   0.00    205     14  346.8  346.8  346.8
  167.4  12497  -61.0  -84.5      3   0.00    230     18  353.5  353.5  353.5
  159.4  12802  -60.0  -85.8      2   0.00    200     14  360.3  360.3  360.3
  159.0  12818  -59.9  -85.9      2   0.00    202     14  360.6  360.6  360.6
  150.0  13180  -60.7  -87.7      2   0.00    240     15  365.3  365.3  365.3
  144.5  13411  -61.1  -88.1      2   0.00    215     12  368.5  368.5  368.5
  142.0  13521  -61.3  -88.3      2   0.00    220     12  370.0  370.0  370.0
  137.6  13716  -61.1  -88.4      2   0.00    230     11  373.7  373.7  373.7
  131.1  14021  -60.8  -88.7      1   0.00    215     10  379.5  379.5  379.5
  124.8  14326  -60.5  -88.9      1   0.00    235     14  385.5  385.5  385.5
  113.2  14935  -59.8  -89.3      1   0.00    215     13  397.6  397.6  397.6
  108.0  15229  -59.5  -89.5      1   0.00    258     10  403.5  403.5  403.5
  107.8  15240  -59.5  -89.5      1   0.00    260     10  403.7  403.7  403.7
  102.7  15545  -60.2  -89.5      1   0.00    225     10  408.1  408.1  408.1
  100.0  15710  -60.5  -89.5      1   0.00    225     10  410.6  410.6  410.6
   93.1  16154  -61.3  -90.0      1   0.00    240     20  417.5  417.5  417.5
   88.6  16459  -61.9  -90.4      1   0.00    195     11  422.3  422.3  422.3
   84.3  16764  -62.4  -90.7      1   0.00    195     12  427.2  427.2  427.2
   80.2  17069  -63.0  -91.1      1   0.00    255      8  432.1  432.1  432.1
   78.0  17243  -63.3  -91.3      1   0.00    258      9  435.0  435.0  435.0
   76.4  17374  -62.9  -91.1      1   0.00    260     10  438.5  438.5  438.5
   72.7  17678  -61.9  -90.6      1   0.00    285     11  446.9  446.9  446.9
   70.7  17848  -61.3  -90.3      1   0.00    263     12  451.6  451.6  451.6
   70.0  17910  -61.5  -90.5      1   0.00    255     12  452.5  452.5  452.5
   65.8  18288  -62.5  -91.2      1   0.00    295     11  458.3  458.3  458.3
   59.6  18898  -64.1  -92.3      1   0.00    235     13  467.9  467.9  467.9
   56.8  19202  -64.9  -92.9      1   0.00    240     15  472.7  472.7  472.7
   56.7  19209  -64.9  -92.9      1   0.00    241     15  472.8  472.8  472.8
   54.0  19507  -64.4  -92.8      1   0.00    270     22  480.7  480.7  480.7
   51.4  19812  -63.8  -92.6      1   0.00    295     18  488.9  488.9  488.9
   50.0  19980  -63.5  -92.5      1   0.00    295     18  493.4  493.4  493.4
   48.9  20117  -62.7  -92.7      1   0.00    265     10  498.5  498.5  498.5
   44.3  20726  -64.2  -93.4      1   0.00    275     23  509.1  509.1  509.1
   42.1  21031  -65.0  -93.7      1   0.00    275     16  514.5  514.5  514.5
   40.1  21336  -65.8  -94.1      1   0.00    280     13  520.0  520.0  520.0
   38.7  21548  -66.3  -94.3      1   0.00    255      8  523.8  523.8  523.8
   38.1  21641  -66.3  -94.3      1   0.00    250      8  526.0  526.0  526.0
   36.2  21946  -66.5  -94.5      1   0.00    275     22  533.2  533.2  533.2
   34.5  22250  -66.7  -94.7      1   0.00    255     17  540.5  540.5  540.5
   32.8  22555  -66.8  -94.8      1   0.00    255     19  547.9  547.9  547.9
   31.2  22860  -67.0  -95.0      1   0.00    285     24  555.4  555.4  555.4
   30.0  23090  -67.1  -95.1      1   0.00    280     23  561.1  561.2  561.1
   29.6  23165  -67.3  -95.3      1   0.00    275     25  562.6  562.7  562.6
   28.8  23336  -67.7  -95.7      1   0.00    275     25  566.1  566.1  566.1
   26.8  23774  -66.6  -95.4      1   0.00    275     24  581.1  581.1  581.1
   25.5  24079  -65.8  -95.2      1   0.00    255     19  591.8  591.8  591.8
   24.2  24384  -65.0  -94.9      1   0.00    285     29  602.6  602.6  602.6
   24.1  24416  -64.9  -94.9      1   0.00    283     29  603.8  603.8  603.8
   21.9  24994  -65.7  -95.2      1   0.00    250     26  618.0  618.0  618.0
   20.9  25298  -66.1  -95.4      1   0.00    270     25  625.5  625.6  625.5
   20.0  25550  -66.5  -95.5      1   0.00    265     25  631.9  631.9  631.9
   18.9  25908  -66.7  -95.7      1   0.00    265     23  642.1  642.2  642.1
   17.9  26213  -66.8  -95.8      1   0.00    245     41  651.0  651.0  651.0
   17.1  26518  -67.0  -96.0      1   0.00    260     48  660.0  660.0  660.0
   15.4  27127  -67.2  -96.2      1   0.00    280     45  678.2  678.3  678.2
   15.1  27254  -67.3  -96.3      1   0.00    280     44  682.1  682.1  682.1
   14.7  27432  -67.1  -96.1      1   0.00    280     42  688.4  688.4  688.4
   12.6  28346  -66.3  -95.3      1   0.00    265     31  721.4  721.4  721.4
   11.4  28956  -65.8  -94.8      1   0.00    260     46  744.2  744.3  744.2
   10.0  29760  -65.1  -94.1      1   0.01    280     59  775.5  775.6  775.5
    9.8  29870  -65.0  -94.2      1   0.01    280     63  779.7  779.8  779.8
    9.3  30175  -64.9  -94.4      1   0.01    285     54  791.5  791.6  791.6
    8.9  30480  -64.7  -94.7      1   0.01    275     57  803.5  803.6  803.5
    8.8  30540  -64.7  -94.7      1   0.01    278     57  805.9  806.0  805.9
    8.5  30785  -63.5  -93.7      1   0.01    290     55  819.9  820.0  819.9
    8.1  31090  -61.9  -92.4      1   0.01    285     55  837.6  837.7  837.6
    7.7  31394  -60.4  -91.2      1   0.01    275     71  855.5  855.7  855.5
    7.5  31530  -59.7  -90.6      1   0.01    275     71  863.7  863.9  863.7
    7.3  31699  -58.9  -89.9      1   0.02    265     65  873.8  874.1  873.8
    7.3  31697  -58.9  -89.9      1   0.02    265     65  873.8  874.0  873.8
    7.0  31960  -59.7  -90.7      1   0.02    275     66  881.0  881.2  881.0
    6.6  32327  -60.3  -91.3      1   0.01                893.4  893.6  893.4
    6.6  32309  -60.3  -91.3      1   0.01    275     57  892.8  893.0  892.8


