  848.0   1475   13.2   -8.8     21   2.33    125      4  300.2  307.6  300.6
  826.0   1695   11.2  -14.8     15   1.48    168      8  300.3  305.1  300.6
  812.9   1829   10.6  -12.5     18   1.81    195     10  301.1  306.9  301.4
  808.0   1879   10.4  -11.6     20   1.96    197     10  301.4  307.7  301.7
  783.2   2134    8.1  -11.5     24   2.03    210     13  301.6  308.1  301.9
  754.6   2438    5.3  -11.5     29   2.12    210     13  301.8  308.6  302.2
  727.0   2743    2.5  -11.4     35   2.21    220     17  302.0  309.1  302.4
  700.0   3052   -0.3  -11.3     43   2.31    220     23  302.1  309.5  302.6
  698.0   3075   -0.5  -11.5     43   2.28    221     23  302.1  309.4  302.6
  673.9   3353   -3.2  -11.5     53   2.37    230     28  302.2  309.8  302.6
  648.4   3658   -6.1  -11.5     65   2.46    240     29  302.3  310.1  302.7
  638.0   3786   -7.3  -11.5     72   2.50    244     30  302.3  310.2  302.7
  606.0   4185  -10.7  -12.7     85   2.39    257     32  302.8  310.5  303.3
  599.6   4267  -10.9  -12.9     85   2.37    260     33  303.5  311.1  303.9
  571.0   4642  -12.1  -14.1     85   2.26    278     32  306.4  313.7  306.8
  553.6   4877  -13.3  -15.5     83   2.07    290     32  307.7  314.5  308.1
  531.8   5182  -14.8  -17.4     80   1.84    295     35  309.5  315.6  309.8
  500.0   5650  -17.1  -20.3     76   1.53    275     34  312.1  317.3  312.4
  490.6   5791  -18.0  -21.3     76   1.44    270     41  312.7  317.6  313.0
  478.0   5985  -19.3  -22.6     75   1.31    273     44  313.4  318.0  313.7
  470.9   6096  -20.2  -23.6     74   1.22    275     45  313.6  317.9  313.9
  448.0   6462  -23.3  -26.9     72   0.95    275     47  314.3  317.6  314.5
  419.0   6948  -26.5  -37.5     35   0.36    275     49  316.2  317.6  316.3
  400.0   7280  -29.3  -38.3     41   0.35    275     50  316.8  318.1  316.9
  398.0   7315  -29.6  -38.6     41   0.34    275     50  316.9  318.2  316.9
  381.3   7620  -32.2  -41.2     40   0.27    285     59  317.3  318.3  317.4
  381.0   7626  -32.3  -41.3     40   0.27    285     59  317.3  318.4  317.4
  366.0   7909  -33.1  -42.1     40   0.26    285     71  319.9  320.9  320.0
  349.6   8230  -35.3  -42.8     46   0.25    285     84  321.1  322.1  321.2
  344.0   8343  -36.1  -43.1     48   0.25    284     84  321.6  322.5  321.6
  320.0   8842  -39.9  -46.9     47   0.18    278     81  323.0  323.7  323.0
  306.1   9144  -42.7  -49.7     46   0.13    275     80  323.3  323.8  323.3
  300.0   9280  -43.9  -50.9     46   0.12    275     81  323.4  323.9  323.4
  266.5  10058  -50.9  -57.9     43   0.06    275     82  324.3  324.5  324.3
  262.0  10169  -51.9  -58.9     43   0.05    276     86  324.4  324.6  324.4
  250.0  10470  -53.5  -60.5     42   0.04    280     98  326.4  326.6  326.4
  249.0  10496  -53.7  -60.7     42   0.04    280     98  326.5  326.7  326.5
  224.0  11170  -58.5  -64.5     46   0.03    275    111  329.1  329.3  329.1
  223.0  11198  -58.6  -64.7     46   0.03    275    112  329.3  329.5  329.3
  220.2  11278  -59.1  -65.1     46   0.03    275    112  329.9  330.0  329.9
  211.0  11545  -60.5  -66.5     45   0.02    275    101  331.7  331.8  331.7
  200.0  11880  -59.5  -66.5     40   0.02    285     99  338.4  338.5  338.4
  198.0  11943  -59.1  -66.1     40   0.03    285     98  340.0  340.1  340.0
  190.0  12201  -60.3  -67.3     39   0.02    285     95  342.1  342.2  342.1
  187.0  12300  -58.1  -65.1     40   0.03    285     94  347.2  347.4  347.2
  181.0  12507  -55.5  -62.5     41   0.05    285     91  354.7  354.9  354.7
  171.0  12868  -56.7  -64.7     36   0.04    285     86  358.5  358.7  358.5
  169.0  12943  -55.9  -63.9     36   0.04    285     86  361.1  361.2  361.1
  156.0  13452  -56.1  -64.1     36   0.04    285     79  369.1  369.3  369.1
  151.0  13658  -57.5  -65.5     35   0.04    285     77  370.1  370.3  370.1
  150.0  13700  -57.3  -65.3     35   0.04    285     76  371.1  371.4  371.2
  149.6  13716  -57.1  -65.5     34   0.04    290     73  371.8  372.0  371.8
  149.0  13742  -56.7  -65.7     31   0.04    290     74  372.9  373.1  372.9
  142.6  14021  -56.4  -65.4     31   0.04    290     87  378.1  378.3  378.1
  135.0  14368  -56.1  -65.1     31   0.04    294     79  384.6  384.9  384.6
  128.0  14705  -58.5  -67.5     30   0.03    298     70  386.2  386.4  386.2
  122.0  15007  -58.5  -67.5     30   0.04    302     63  391.5  391.7  391.5
  117.5  15240  -59.8  -68.8     30   0.03    305     57  393.3  393.4  393.3
  116.0  15322  -60.3  -69.3     30   0.03    304     57  393.9  394.1  393.9
  106.0  15882  -61.9  -70.9     29   0.03    295     57  401.1  401.3  401.1
  101.0  16179  -64.1  -73.1     28   0.02    291     57  402.5  402.6  402.5
  100.0  16240  -63.7  -72.7     28   0.02    290     57  404.4  404.5  404.4
   91.7  16764  -66.9  -75.9     27   0.01    300     62  408.2  408.3  408.2
   90.7  16832  -67.3  -76.3     27   0.01    295     61  408.7  408.8  408.7
   89.7  16899  -66.8  -75.8     27   0.01    300     62  410.9  411.0  410.9
   84.3  17275  -64.1  -73.1     28   0.02    300     50  423.8  423.9  423.8
   78.9  17678  -66.4  -75.4     27   0.02    300     38  427.2  427.4  427.2
   78.1  17739  -66.7  -75.7     27   0.02    299     39  427.8  427.9  427.8
   75.0  17983  -66.1  -75.1     27   0.02    295     44  433.9  434.1  433.9
   72.8  18163  -65.7  -74.7     28   0.02    304     49  438.6  438.7  438.6
   71.3  18288  -66.4  -75.4     27   0.02    310     52  439.6  439.7  439.6
   70.0  18400  -67.1  -76.1     27   0.02    310     48  440.5  440.6  440.5
   68.5  18531  -67.3  -76.3     27   0.02    305     44  442.8  442.9  442.8
   67.1  18655  -66.7  -75.7     27   0.02    300     39  446.7  446.9  446.7
   65.6  18793  -63.7  -72.7     28   0.03    294     35  456.1  456.4  456.2
   64.5  18898  -64.0  -73.0     28   0.03    290     31  457.9  458.1  457.9
   59.6  19379  -65.1  -74.1     28   0.03    310     39  465.7  465.9  465.7
   58.4  19507  -64.5  -73.7     27   0.03    315     41  469.7  469.9  469.7
   52.9  20117  -61.9  -71.6     26   0.05    305     25  489.3  489.6  489.3
   50.5  20398  -60.7  -70.7     26   0.05    314     19  498.6  499.0  498.6
   50.3  20422  -60.7  -70.7     26   0.05    315     18  499.1  499.5  499.2
   50.0  20460  -60.7  -70.7     26   0.06    315     21  500.0  500.4  500.0
   47.9  20726  -62.0  -72.0     25   0.05    305     15  503.1  503.5  503.2
   45.6  21031  -63.5  -73.5     25   0.04    285     21  506.8  507.1  506.8
   44.0  21249  -64.5  -74.5     24   0.04    296     27  509.3  509.6  509.4
   43.4  21336  -63.9  -74.0     24   0.04    300     29  512.8  513.0  512.8
   41.3  21641  -62.0  -72.4     24   0.05    285     41  524.8  525.2  524.9
   37.8  22191  -58.5  -69.5     23   0.09    294     45  547.2  547.9  547.2
   37.4  22250  -58.4  -69.5     23   0.09    295     45  548.9  549.5  548.9
   34.3  22803  -57.9  -69.9     20   0.09    331     30  564.2  564.9  564.2
   34.0  22860  -58.2  -70.2     20   0.09    335     28  564.9  565.5  564.9
   32.9  23064  -59.3  -71.3     20   0.08    332     25  567.2  567.9  567.3
   32.4  23165  -58.8  -71.3     18   0.08    330     23  571.2  571.9  571.2
   31.9  23258  -58.3  -71.3     17   0.08    322     21  574.9  575.6  575.0
   30.9  23470  -54.5  -68.5     16   0.12    305     18  590.7  591.7  590.7
   30.8  23481  -54.3  -68.3     16   0.13    307     18  591.5  592.6  591.6
   30.0  23650  -54.5  -68.5     16   0.13    340     12  595.5  596.5  595.5
   29.4  23774  -54.1  -68.8     15   0.12    335     13  599.8  600.8  599.9
   29.1  23845  -53.9  -68.9     14   0.12    325     13  602.3  603.3  602.4
   28.1  24079  -55.0  -70.0     14   0.11    290     15  605.6  606.5  605.6
   26.7  24394  -56.5  -71.5     13   0.09    305     26  610.0  610.8  610.0
   26.7  24384  -56.5  -71.5     13   0.09    305     26  609.9  610.6  609.9
   24.6  24918  -52.7  -73.7      6   0.07    323     26  635.4  636.0  635.4
   24.3  24994  -52.7  -74.4      6   0.07    325     26  637.6  638.3  637.7
   23.2  25298  -52.5  -77.0      4   0.05    325     18  646.8  647.2  646.8
   22.1  25603  -52.3  -79.7      2   0.03    280     14  656.0  656.4  656.0
   21.9  25669  -52.3  -80.3      2   0.03    274     15  658.0  658.3  658.1
   20.9  25973  -49.1  -83.1      1   0.02    244     21  676.6  676.8  676.6
   20.1  26213  -50.8  -84.8      1   0.02    220     25  678.6  678.8  678.6
   20.0  26260  -51.1  -85.1      1   0.01    220     26  679.0  679.1  679.0
   19.6  26391  -51.9  -84.9      1   0.02    238     35  680.5  680.6  680.5
   19.2  26518  -49.7  -83.4      1   0.02    255     43  691.1  691.3  691.1
   18.6  26734  -45.9  -80.9      1   0.03    255     50  709.5  709.8  709.5
   18.4  26822  -45.6  -80.9      1   0.03    255     53  712.9  713.3  713.0
   17.5  27141  -44.7  -80.7      1   0.03    263     52  725.7  726.1  725.8
   17.0  27336  -41.3  -78.3      1   0.05    268     51  742.7  743.2  742.7
   16.8  27432  -41.0  -78.1      1   0.05    270     51  746.8  747.4  746.8
   14.9  28236  -38.1  -76.1      1   0.08    279     34  781.8  782.8  781.9
   14.7  28346  -38.6  -76.3      1   0.08    280     32  783.6  784.5  783.6
   14.3  28517  -39.5  -76.5      1   0.08    270     33  786.3  787.3  786.4
   13.4  28964  -36.9  -74.9      1   0.11    245     36  810.0  811.3  810.0
   13.4  28956  -37.0  -74.9      1   0.11    245     36  809.6  810.9  809.6
   11.8  29870  -37.3  -75.3      1   0.12    260     57  839.7  841.1  839.7
   11.6  29960  -37.3  -75.3      1   0.12    259     55  842.6  844.1  842.7
   11.0  30330  -32.1  -71.1      1   0.24    256     48  874.4  877.3  874.5
   10.8  30480  -32.4  -71.4      1   0.23    255     45  878.6  881.5  878.7
   10.3  30785  -33.0  -72.0      1   0.22    245     36  887.2  890.0  887.3
   10.0  31000  -33.5  -72.5      1   0.21    240     36  893.3  896.0  893.4
    8.3  32309  -37.1  -75.2      1   0.17    245     51  928.6  930.9  928.7
    8.1  32466  -37.5  -75.5      1   0.17                932.9  935.2  933.0
