#12374 Legionowo Observations at 12Z 20 May 2015
#
#-----------------------------------------------------------------------------
#   PRES   HGHT   TEMP   DWPT   RELH   MIXR   DRCT   SKNT   THTA   THTE   THTV
#    hPa     m      C      C      %    g/kg    deg   knot     K      K      K 
#-----------------------------------------------------------------------------
  995.0    131   18.8   12.8     68   9.41    113      4  292.4  319.4  294.0
  925.0    752   12.8   10.5     86   8.69    175      8  292.4  317.4  293.9
  918.0    816   12.3   10.3     88   8.63    175     10  292.5  317.4  294.0
  901.0    972   11.0    9.8     92   8.51    170     12  292.7  317.2  294.2
  891.0   1066   10.2    9.5     95   8.43    178     12  292.9  317.2  294.3
  862.0   1341    9.2    7.5     89   7.62    200     14  294.6  316.8  296.0
  850.0   1458    8.8    6.7     87   7.29    200     14  295.4  316.7  296.6
  796.0   1999    5.2    4.7     97   6.77    200     29  297.1  317.2  298.3
  788.0   2082    6.4    4.0     85   6.51    200     31  299.2  318.7  300.4
  781.0   2154    5.9    3.1     82   6.14    200     33  299.4  317.9  300.6
  744.0   2548    3.0   -2.1     69   4.44    205     27  300.6  314.2  301.4
  700.0   3043   -0.5   -8.5     55   2.89    215     29  301.9  311.0  302.4
  683.0   3239   -2.1  -12.1     46   2.22    220     27  302.2  309.4  302.6
  672.0   3369   -2.3  -19.3     26   1.24    216     28  303.4  307.6  303.6
  656.0   3560   -3.5  -13.5     46   2.07    211     29  304.2  310.9  304.6
  646.0   3681   -3.7  -21.7     23   1.05    208     30  305.3  308.8  305.5
  639.0   3768   -4.1  -12.1     54   2.38    205     31  305.8  313.5  306.2
  638.0   3780   -4.2  -12.7     51   2.27    205     31  305.8  313.2  306.3
  630.0   3880   -4.7  -17.7     35   1.52    206     32  306.3  311.4  306.6
  609.0   4146   -6.3  -12.3     62   2.46    208     33  307.5  315.5  307.9
  605.0   4198   -6.7  -11.7     68   2.59    208     33  307.6  316.0  308.1
  538.0   5104  -14.1  -15.2     91   2.19    215     38  309.2  316.5  309.7
  533.0   5175  -13.5  -16.5     78   1.99    216     38  310.8  317.4  311.2
  506.0   5570  -15.5  -20.4     66   1.50    219     40  313.0  318.1  313.3
  500.0   5660  -16.5  -20.7     70   1.48    220     41  312.9  317.9  313.1
  475.0   6042  -19.7  -22.6     78   1.32    223     41  313.5  318.1  313.8
  432.0   6736  -24.5  -28.1     72   0.88    228     41  316.0  319.2  316.2
  417.0   6990  -26.1  -32.7     54   0.59    230     41  317.1  319.3  317.2
  400.0   7290  -28.1  -38.1     38   0.36    220     43  318.4  319.7  318.4
  394.0   7399  -28.9  -39.9     34   0.30    219     43  318.7  319.9  318.8
  335.0   8524  -38.7  -48.5     35   0.14    205     47  320.5  321.1  320.5
  300.0   9290  -45.3  -54.3     36   0.08    205     51  321.4  321.7  321.4
  296.0   9380  -46.1  -55.1     35   0.07    206     51  321.5  321.8  321.5
  273.0   9912  -50.9  -55.3     59   0.08    211     52  322.1  322.4  322.1
  263.0  10154  -52.9  -59.9     42   0.05    213     52  322.6  322.8  322.6
  256.0  10328  -54.0  -61.0     42   0.04    215     52  323.5  323.7  323.5
  250.0  10480  -54.9  -61.9     42   0.04    210     58  324.3  324.5  324.3
  232.0  10952  -57.7  -65.5     37   0.02    210     68  327.0  327.1  327.0
  225.0  11146  -58.9  -66.9     35   0.02    215     64  328.1  328.2  328.1
  219.0  11315  -59.1  -67.1     35   0.02    210     61  330.3  330.4  330.3
  213.0  11491  -55.1  -67.1     21   0.02    206     58  339.2  339.3  339.2
  206.0  11703  -56.3  -69.3     18   0.02    200     54  340.6  340.7  340.6
  200.0  11890  -57.3  -71.3     15   0.01    210     54  341.9  341.9  341.9
  193.0  12114  -59.3  -74.3     13   0.01    216     54  342.2  342.2  342.2
  179.0  12594  -55.8  -78.1      5   0.01    230     54  355.4  355.4  355.4
  165.0  13114  -52.0  -82.2      1   0.00    225     27  370.1  370.1  370.1
  162.0  13231  -51.1  -83.1      1   0.00    213     26  373.5  373.5  373.5
  160.0  13312  -51.3  -83.3      1   0.00    205     25  374.5  374.5  374.5
  157.0  13434  -51.6  -83.6      1   0.00    200     27  376.0  376.1  376.0
  150.0  13730  -52.3  -84.3      1   0.00    210     33  379.8  379.8  379.8
  141.0  14128  -52.7  -84.6      1   0.00    210     33  385.8  385.8  385.8
  133.0  14504  -53.1  -84.8      1   0.00    235     25  391.6  391.6  391.6
  121.0  15113  -53.8  -85.2      1   0.00    205     31  401.1  401.1  401.1
  110.0  15726  -54.4  -85.7      1   0.00    230     21  410.9  410.9  410.9
  105.0  16026  -54.8  -85.9      1   0.00    235     29  415.8  415.8  415.8
  100.0  16340  -55.1  -86.1      1   0.00    240     16  421.0  421.0  421.0
   91.0  16946  -54.5  -86.0      1   0.00    240     19  433.8  433.8  433.8
   89.0  17088  -54.3  -86.0      1   0.00    250     25  436.8  436.8  436.8
   88.0  17161  -54.2  -86.0      1   0.00    255     21  438.4  438.4  438.4
   85.0  17383  -54.0  -85.9      1   0.00    245     12  443.2  443.2  443.2
   84.0  17459  -53.9  -85.9      1   0.00    220      8  444.9  444.9  444.9
   82.0  17614  -53.8  -85.9      1   0.00    185     10  448.3  448.3  448.3
   81.0  17693  -53.7  -85.9      1   0.00    180     14  450.0  450.0  450.0
   78.0  17935  -53.4  -85.8      1   0.00    210     16  455.4  455.4  455.4
   74.0  18273  -53.1  -85.8      1   0.00    175     16  463.1  463.1  463.1
   70.0  18630  -52.7  -85.7      1   0.00    195     14  471.3  471.3  471.3
   69.0  18723  -52.5  -85.5      1   0.00    210     10  473.6  473.6  473.6
   67.0  18913  -52.2  -85.2      1   0.00    210      8  478.4  478.4  478.4
   66.7  18942  -52.1  -85.1      1   0.00    197      8  479.1  479.2  479.1
   66.0  19009  -52.2  -85.1      1   0.00    165     10  480.3  480.3  480.3
   63.0  19308  -52.8  -85.3      1   0.00    175     23  485.5  485.5  485.5
   60.0  19622  -53.4  -85.4      1   0.00    205     12  491.0  491.0  491.0
   57.0  19951  -54.0  -85.5      1   0.00    195     10  496.8  496.8  496.8
   54.0  20298  -54.7  -85.7      1   0.00    155      2  503.0  503.0  503.0
   53.9  20310  -54.7  -85.7      1   0.00    156      2  503.2  503.2  503.2
   50.0  20790  -54.5  -86.5      1   0.00    215      8  514.6  514.6  514.6
   46.0  21330  -53.7  -86.0      1   0.01     95     12  528.9  529.0  528.9
   44.0  21618  -53.3  -85.8      1   0.01    110     16  536.7  536.8  536.7
   43.0  21767  -53.0  -85.7      1   0.01    150     16  540.8  540.9  540.8
   42.0  21920  -52.8  -85.5      1   0.01    155     21  545.0  545.1  545.0
   40.0  22236  -52.4  -85.2      1   0.01    150     16  553.8  553.9  553.9
   37.0  22741  -51.6  -84.8      1   0.01    195     10  568.2  568.3  568.2
   36.0  22918  -51.4  -84.7      1   0.01    110     10  573.4  573.5  573.4
   35.0  23101  -51.1  -84.5      1   0.01    125     10  578.7  578.8  578.7
   34.0  23288  -50.8  -84.3      1   0.01    140      4  584.3  584.4  584.3
   32.0  23681  -50.2  -84.0      1   0.01     90     19  596.0  596.1  596.0
   31.0  23887  -49.9  -83.8      1   0.01    130     12  602.3  602.4  602.3
   30.3  24035  -49.7  -83.7      1   0.01    116      9  606.8  606.9  606.8
   30.0  24100  -49.9  -83.9      1   0.01    110      8  608.0  608.1  608.0
   29.0  24321  -50.0  -83.8      1   0.01     70     10  613.6  613.7  613.6
   28.0  24550  -50.1  -83.8      1   0.01    100     17  619.5  619.6  619.5
   26.0  25034  -50.4  -83.6      1   0.01    125     14  632.0  632.2  632.0
   25.0  25289  -50.5  -83.5      1   0.02     80      6  638.8  638.9  638.8
   24.0  25558  -49.5  -83.0      1   0.02     65     12  649.0  649.2  649.0
   23.0  25838  -48.6  -82.4      1   0.02     90     19  659.9  660.1  659.9
   22.0  26131  -47.5  -81.8      1   0.02     80     17  671.4  671.6  671.4
   21.0  26437  -46.5  -81.2      1   0.03    110     19  683.6  683.9  683.6
   20.5  26596  -45.9  -80.9      1   0.03    110     18  690.0  690.3  690.0
   20.0  26760  -45.9  -80.9      1   0.03    110     17  694.9  695.2  694.9
   19.0  27102  -45.6  -80.7      1   0.03    105     23  706.2  706.5  706.2
   18.0  27463  -45.2  -80.5      1   0.03    120     21  718.3  718.7  718.3
   16.0  28250  -44.4  -80.1      1   0.04    120     16  745.4  745.9  745.4
   14.3  29000  -43.7  -79.7      1   0.05     95     19  772.2  772.8  772.2
   14.0  29142  -44.1  -80.1      1   0.05     90     19  775.5  776.0  775.5
   13.6  29336  -44.7  -80.7      1   0.04    100     21  780.0  780.5  780.0
   13.0  29641  -43.7  -79.9      1   0.05    115     23  793.6  794.2  793.6
   11.0  30771  -40.0  -76.8      1   0.10     95     17  845.9  847.2  846.0
   10.4  31151  -38.7  -75.7      1   0.13    104     17  864.2  865.8  864.3
   10.0  31420  -38.1  -76.1      1   0.12    110     17  876.2  877.8  876.2
    9.0  32147  -37.3  -75.3      1   0.16    110     23  906.0  908.1  906.1
    8.1  32875  -36.5  -74.5      1   0.19    114     23  936.9  939.5  937.0
    8.0  32963  -36.1  -74.2      1   0.21    115     23  941.9  944.8  942.1
    7.0  33906  -31.4  -71.0      1   0.38     95     17  998.0 1003.3  998.2
    6.2  34764  -27.1  -68.1      1   0.64     99     16 1051.4 1060.9 1051.8
    6.0  34999  -27.8  -68.8      1   0.60    100     16 1058.3 1067.3 1058.7
    5.8  35243  -28.5  -69.5      1   0.56               1065.5 1074.0 1065.9

