#96749 WIII Jakarta Observations at 12Z 18 Jan 2010
#
#-----------------------------------------------------------------------------
#   PRES   HGHT   TEMP   DWPT   RELH   MIXR   DRCT   SKNT   THTA   THTE   THTV
#    hPa     m      C      C      %    g/kg    deg   knot     K      K      K 
#-----------------------------------------------------------------------------
 1009.0      8   28.0   23.4     76  18.34    330      2  300.4  354.4  303.7
 1000.0     86   27.4   23.2     78  18.28    325      4  300.6  354.4  303.8
  976.0    301   26.0   22.0     79  17.40    320     12  301.3  352.7  304.4
  944.0    595   24.1   20.4     80  16.25    275     14  302.2  350.5  305.2
  925.0    775   23.0   19.4     80  15.58    270     16  302.8  349.2  305.6
  912.0    898   22.2   18.7     80  15.10    270     17  303.2  348.2  306.0
  850.0   1508   18.2   15.1     82  12.86    265     19  305.2  343.9  307.6
  793.0   2098   14.6   12.2     86  11.42    275     27  307.4  342.2  309.5
  758.0   2481   12.2   10.4     89  10.55    271     26  308.9  341.2  310.8
  723.0   2877   11.0    6.3     73   8.35    268     26  311.7  337.8  313.3
  700.0   3146    9.6    1.6     57   6.18    265     25  313.1  332.7  314.2
  660.0   3633    7.4   -3.6     46   4.46    268     31  315.9  330.5  316.8
  644.0   3835    6.4   -0.6     61   5.72    270     34  317.0  335.5  318.1
  641.0   3874    6.4   -6.6     39   3.66    270     35  317.4  329.6  318.1
  639.0   3899    6.2   -6.1     41   3.81    270     35  317.5  330.1  318.2
  629.0   4029    5.4   -3.6     52   4.68    272     36  318.0  333.4  318.9
  622.0   4120    5.6  -10.4     31   2.80    274     36  319.2  328.7  319.8
  616.0   4199    5.0  -10.4     32   2.82    275     37  319.5  329.0  320.0
  590.0   4550    2.4  -10.6     38   2.90    273     32  320.4  330.2  320.9
  568.0   4856    0.4  -15.6     29   2.01    271     28  321.5  328.5  321.9
  564.0   4913    0.0   -9.0     51   3.45    271     27  321.7  333.4  322.4
  561.0   4956    0.0  -14.0     34   2.32    271     27  322.2  330.2  322.6
  541.0   5246   -2.3   -5.8     77   4.61    269     23  322.8  338.2  323.7
  528.0   5439   -2.9  -12.9     46   2.70    268     20  324.4  333.7  324.9
  526.0   5469   -3.3   -8.3     68   3.91    267     20  324.2  337.5  325.0
  523.0   5514   -3.1  -19.1     28   1.62    267     19  325.0  330.8  325.3
  519.0   5575   -3.3  -34.3      7   0.41    267     18  325.5  327.0  325.5
  511.0   5698   -3.3  -27.3     14   0.80    266     16  326.9  329.9  327.1
  500.0   5870   -4.3  -19.3     30   1.67    265     14  327.7  333.7  328.1
  473.0   6302   -7.0  -21.4     31   1.46    265     10  329.6  335.0  329.9
  455.0   6604   -8.9  -23.0     31   1.33    245      4  331.0  335.9  331.2
  451.0   6673   -9.3  -23.3     31   1.31    221      4  331.3  336.1  331.5
  438.0   6897  -10.4  -23.5     33   1.32    140      4  332.7  337.6  333.0
  422.0   7183  -11.7  -23.7     36   1.35     84      2  334.5  339.6  334.8
  421.0   7201  -11.7  -18.7     56   2.09     80      2  334.8  342.4  335.2
  405.0   7496  -14.0  -19.1     65   2.09    345      4  335.6  343.2  336.0
  400.0   7590  -14.7  -19.3     68   2.09      5      6  335.8  343.4  336.2
  389.0   7798  -16.1  -21.1     66   1.84     50      8  336.6  343.4  337.0
  359.0   8396  -20.2  -26.3     59   1.26     30     21  338.9  343.7  339.2
  334.0   8934  -23.9  -30.9     52   0.88     40     19  341.0  344.4  341.1
  300.0   9710  -30.3  -36.3     56   0.57     55     16  342.6  344.9  342.7
  264.0  10599  -37.7  -43.7     53   0.30     71     17  344.5  345.7  344.5
  256.0  10809  -39.6  -48.0     40   0.19     75     17  344.7  345.5  344.7
  254.0  10863  -40.1  -49.1     38   0.17     73     18  344.7  345.5  344.8
  250.0  10970  -40.9                          70     19  345.1         345.1
  224.0  11698  -47.0                          70     23  346.8         346.8
  200.0  12450  -53.3                          85     39  348.2         348.2
  195.0  12608  -54.6                          85     41  348.6         348.6
  150.0  14240  -68.3                          85     52  352.2         352.2
  139.0  14691  -71.0                          80     54  355.3         355.3
  132.0  14998  -72.8                          70     60  357.4         357.4
  130.0  15088  -73.3                          68     56  358.0         358.0
  119.0  15599  -75.4                          55     31  363.2         363.2
  107.0  16212  -78.0                         105     23  369.6         369.6
  103.0  16432  -78.9                         117     29  371.9         371.9
  102.0  16488  -79.2                         120     31  372.3         372.3
  100.0  16600  -79.9                         115     27  373.1         373.1
   98.8  16668  -80.3                         110     27  373.6         373.6
   97.0  16773  -79.9                          95     19  376.4         376.4
   91.0  17136  -78.5                          95      6  386.1         386.1
   83.3  17639  -76.5                          10      8  400.0         400.0
   82.1  17723  -72.7                         356      8  409.4         409.4
   82.0  17730  -72.7                         355      8  409.6         409.6
   78.0  18024  -71.8                         255     16  417.4         417.4
   75.3  18232  -71.1                         263     23  423.0         423.0
   70.0  18660  -73.3                         280     39  427.2         427.2
   67.0  18913  -74.5                         280     43  430.1         430.1
   59.5  19600  -77.7                         280     43  437.7         437.7
   55.0  20052  -76.9                         270     41  449.5         449.5
   50.0  20600  -75.9                         235     27  464.2         464.2
   49.0  20717  -75.8                         230     21  467.2         467.2
   48.2  20812  -75.7                         191     17  469.6         469.6
   47.0  20961  -73.3                         130     12  478.8         478.8
   44.0  21352  -66.9                          50     17  503.4         503.4
   43.8  21379  -66.5                          47     17  505.1         505.1
   42.0  21631  -67.1                          15     16  509.7         509.7
   40.0  21924  -67.8                          30     10  515.0         515.0
   38.0  22233  -68.6                         105     12  520.7         520.7
   36.2  22525  -69.3                         102     33  526.1         526.1
   35.0  22729  -67.7                         100     47  535.3         535.3
   32.1  23253  -63.7                          86     56  559.5         559.5
   31.0  23468  -62.6                          80     60  568.1         568.1
   30.0  23670  -61.5                          85     60  576.4         576.4
   25.8  24603  -61.5                          94     66  601.8         601.8
   23.0  25332  -56.4                         100     70  637.0         637.0
   20.1  26188  -50.3                          86     82  680.5         680.5
   20.0  26220  -50.3                          85     82  681.5         681.5
   19.0  26563  -49.5                          85     78  693.9         693.9
   14.2  28508  -45.3                          95     91  768.5         768.5
   14.0  28602  -45.0                          95     91  772.3         772.3
   10.0  30850  -40.1                          80     60  868.7         868.7
    9.0  31573  -38.5                          75     39  901.3         901.3
    8.4  32046  -37.5                                     923.3         923.3
#Station information and sounding indices
#
#                         Station identifier: WIII
#                             Station number: 96749
#                           Observation time: 100118/1200
#                           Station latitude: -6.11
#                          Station longitude: 106.65
#                          Station elevation: 8.0
#                            Showalter index: 1.04
#                               Lifted index: -2.27
#    LIFT computed using virtual temperature: -3.09
#                                SWEAT index: 233.20
#                                    K index: 29.60
#                         Cross totals index: 19.40
#                      Vertical totals index: 22.50
#                        Totals totals index: 41.90
#      Convective Available Potential Energy: 1183.61
#             CAPE using virtual temperature: 1378.20
#                      Convective Inhibition: -30.32
#             CINS using virtual temperature: -19.92
#                           Equilibrum Level: 147.89
# Equilibrum Level using virtual temperature: 147.85
#                   Level of Free Convection: 854.58
#             LFCT using virtual temperature: 873.49
#                     Bulk Richardson Number: 32.03
#          Bulk Richardson Number using CAPV: 37.29
#  Temp [K] of the Lifted Condensation Level: 294.42
#Pres [hPa] of the Lifted Condensation Level: 924.40
#     Mean mixed layer potential temperature: 301.12
#              Mean mixed layer mixing ratio: 17.57
#              1000 hPa to 500 hPa thickness: 5784.00
#Precipitable water [mm] for entire sounding: 51.73
