 1009.0      8   30.8   19.8     52  14.63    200     12  303.2  346.8  305.8
 1000.0     89   30.0   20.0     55  14.95    215      8  303.1  347.7  305.9
  956.0    491   25.8   19.8     69  15.45    203      8  302.8  348.8  305.6
  925.0    783   24.4   18.4     69  14.62    195      8  304.2  348.0  306.9
  924.0    793   24.4   18.4     69  14.63    193      8  304.4  348.2  307.0
  906.0    966   25.2   14.2     50  11.36    150      8  306.9  341.4  309.0
  883.0   1191   23.8   14.5     56  11.92     95      8  307.7  344.1  309.9
  879.0   1231   23.6   14.6     57  12.03     92      8  307.9  344.6  310.1
  850.0   1524   22.8    8.8     41   8.43     70     14  310.0  336.2  311.6
  847.0   1555   22.8    8.8     41   8.46     70     14  310.3  336.6  311.9
  828.0   1752   21.2   10.2     49   9.52     69     16  310.7  340.2  312.4
  759.0   2497   15.7    3.8     45   6.66     65     25  312.5  333.6  313.8
  753.0   2565   15.2    3.2     45   6.44     68     26  312.7  333.1  313.9
  724.0   2896   14.0   -8.0     21   2.90     83     31  314.9  324.6  315.5
  700.0   3179   12.4   -5.6     28   3.62     95     35  316.2  328.1  316.9
  696.0   3226   12.1   -5.5     29   3.65     95     35  316.4  328.4  317.0
  618.0   4210    5.4   -4.6     49   4.42     87     24  319.6  334.2  320.5
  579.0   4740    2.4  -21.6     15   1.18     83     18  322.1  326.4  322.3
  555.0   5080   -0.5  -12.5     40   2.65     80     14  322.6  331.7  323.1
  539.0   5314   -0.3  -22.3     17   1.19     87     16  325.6  329.9  325.8
  500.0   5910   -4.5  -22.5     23   1.26    105     23  327.5  332.1  327.7
  494.0   6005   -5.0  -21.5     26   1.39    105     23  328.0  333.1  328.3
  476.0   6297   -6.5  -18.5     38   1.88    119     16  329.6  336.4  330.0
  462.0   6527   -7.8  -20.5     35   1.64    130     10  330.9  336.8  331.2
  400.0   7640  -13.9  -29.9     25   0.80    165     10  336.8  339.9  337.0
  382.0   7987  -15.7  -35.7     16   0.48    182      9  338.9  340.9  339.0
  303.0   9677  -29.3  -52.2      9   0.10    270      8  343.0  343.4  343.0
  300.0   9750  -29.9  -52.9      9   0.09    280      8  343.1  343.5  343.1
  265.0  10615  -37.0  -69.0      2   0.01    250     21  345.1  345.2  345.1
  251.0  10993  -40.1  -76.1      1   0.00    259     20  345.9  345.9  345.9
  250.0  11020  -40.3  -76.3      1   0.00    260     19  346.0  346.0  346.0
  208.0  12248  -51.2  -76.5      3   0.01    290     37  347.6  347.7  347.6
  200.0  12510  -53.5  -76.5      4   0.01    290     35  347.9  347.9  347.9
  174.0  13372  -60.7  -80.3      6   0.00    290     29  350.2  350.2  350.2
  150.0  14290  -68.3  -84.3      8   0.00    300     41  352.2  352.2  352.2
  145.0  14494  -70.1  -86.1      8   0.00    305     41  352.5  352.6  352.5
  128.0  15227  -74.8  -92.0      5   0.00    265     12  356.9  356.9  356.9
  119.0  15656  -77.5  -95.5      4   0.00    250     24  359.4  359.4  359.4
  111.0  16059  -75.7  -94.7      4   0.00    236     35  370.0  370.0  370.0
  105.0  16380  -78.1 -100.8      2   0.00    225     45  371.4  371.4  371.4
  103.0  16491  -78.9 -102.9      1   0.00    215     29  371.9  371.9  371.9
  100.0  16660  -79.5 -103.5      1   0.00    215     27  373.9  373.9  373.9
   87.3  17414  -81.3 -104.3      1   0.00    215     27  385.1  385.1  385.1
   86.3  17478  -83.7 -106.7      1   0.00    215     27  381.5  381.5  381.5
   86.0  17497  -83.6 -106.6      1   0.00    210     25  382.1  382.1  382.1
   85.0  17561  -83.2 -106.2      1   0.00    170     16  384.2  384.2  384.2
   81.6  17785  -81.7 -104.7      1   0.00    140     27  391.7  391.7  391.7
   81.1  17819  -77.7 -101.7      1   0.00    136     29  400.6  400.6  400.6
   81.0  17826  -77.4 -101.5      1   0.00    135     29  401.4  401.4  401.4
   80.0  17897  -74.3  -99.3      1   0.00    140     27  409.2  409.2  409.2
   73.6  18378  -71.1  -97.1      1   0.00    176      9  425.8  425.8  425.8
   73.0  18426  -71.2  -97.2      1   0.00    180      8  426.7  426.7  426.7
   70.0  18670  -71.5  -97.5      1   0.00    115      4  431.1  431.1  431.1
   68.3  18815  -72.3  -98.3      1   0.00     59      8  432.4  432.4  432.4
   67.0  18930  -71.2  -97.5      1   0.00     15     12  437.1  437.1  437.1
   60.5  19541  -65.5  -93.5      1   0.00     95     18  462.8  462.8  462.8
   59.0  19693  -66.5  -94.2      1   0.00    115     19  463.8  463.8  463.8
   55.4  20073  -69.1  -96.1      1   0.00     92     24  466.4  466.4  466.4
   53.0  20339  -68.0  -95.4      1   0.00     75     27  474.9  474.9  474.9
   50.0  20690  -66.5  -94.5      1   0.00    100     35  486.4  486.4  486.4
   45.6  21250  -63.3  -92.3      1   0.00     93     50  507.1  507.1  507.1
   44.0  21472  -62.9  -92.0      1   0.00     90     56  513.3  513.3  513.3
   31.8  23483  -59.1  -89.1      1   0.00     94     60  573.3  573.4  573.3
   30.0  23850  -55.5  -86.5      1   0.01     95     60  592.7  592.8  592.8
   29.2  24023  -54.1  -85.1      1   0.01     99     62  601.2  601.3  601.2
   29.0  24067  -54.1  -85.1      1   0.01    100     62  602.3  602.4  602.3
   25.6  24866  -54.3  -85.3      1   0.01     97     56  623.6  623.8  623.6
   24.3  25202  -50.9  -82.9      1   0.02     95     53  642.8  643.0  642.8
