 1018.0      9   27.8   24.2     81  19.10    100     13  299.4  355.5  302.8
 1000.0    162   26.4   22.3     78  17.28    100     14  299.6  350.3  302.6
  926.0    836   21.0   18.2     84  14.41    100     14  300.7  343.2  303.3
  925.0    845   21.0   18.2     84  14.43    100     14  300.8  343.3  303.4
  905.0   1034   20.1   16.9     82  13.54    100     14  301.8  341.9  304.2
  870.0   1375   18.5   14.5     77  12.05     70     12  303.5  339.6  305.7
  859.0   1485   18.0   13.7     76  11.60     70     13  304.1  338.9  306.2
  850.0   1575   18.0   11.0     64   9.79     70     14  305.0  334.6  306.8
  842.0   1656   18.6    8.6     52   8.39     73     15  306.4  332.1  308.0
  836.0   1717   18.0    9.0     55   8.68     75     16  306.5  333.0  308.1
  817.0   1914   16.2   10.2     68   9.65     58     14  306.6  335.9  308.3
  803.0   2061   16.6    6.8     53   7.80     45     12  308.5  332.6  309.9
  802.0   2072   16.6    6.6     52   7.68     45     12  308.6  332.4  310.0
  771.0   2406   14.6    6.0     57   7.67     45      6  309.9  333.8  311.3
  760.0   2528   13.8    5.8     58   7.66     35      5  310.4  334.2  311.8
  749.0   2651   13.0    5.0     58   7.35     25      5  310.8  333.8  312.2
  744.0   2707   13.0    3.0     51   6.42     20      4  311.4  331.6  312.6
  739.0   2763   12.6    2.6     51   6.27     15      4  311.5  331.3  312.7
  726.0   2912   11.4    1.4     50   5.87     39      7  311.8  330.4  312.9
  716.0   3028   12.4  -17.6     11   1.35     58     10  314.1  318.8  314.4
  707.0   3134   12.1  -19.1     10   1.21     75     12  314.9  319.1  315.1
  700.0   3217   11.8  -20.2      9   1.10     80     12  315.5  319.4  315.7
  677.0   3493   10.1  -23.8      7   0.83    105     10  316.6  319.6  316.8
  619.0   4233    5.4  -33.6      4   0.36    192      7  319.5  320.9  319.5
  562.0   5006    0.0  -40.3      3   0.20    285      4  322.1  322.9  322.1
  536.0   5384   -2.6  -43.6      3   0.15     15      2  323.3  323.9  323.3
  511.0   5766   -5.3  -47.0      2   0.11    210      2  324.5  325.0  324.5
  500.0   5940   -6.5  -48.5      2   0.09    215      4  325.1  325.4  325.1
  485.0   6174   -8.0  -48.1      2   0.10    225      8  326.0  326.4  326.0
  462.0   6547  -10.5  -47.5      3   0.11    220      8  327.5  328.0  327.6
  440.0   6922  -12.9  -46.9      4   0.13    235      8  329.1  329.6  329.1
  417.0   7327  -16.2  -29.1     32   0.83    190      8  329.8  333.0  330.0
  414.0   7381  -16.7  -26.7     42   1.05    196      9  329.9  333.8  330.1
  406.0   7528  -14.3  -59.3      1   0.03    212     13  334.9  335.0  334.9
  400.0   7640  -14.7  -53.7      2   0.06    225     16  335.8  336.1  335.8
  396.0   7716  -15.2  -51.4      3   0.09    230     17  336.1  336.4  336.1
  377.0   8086  -17.9  -39.9     13   0.32    211     21  337.3  338.6  337.4
  376.0   8105  -18.1  -40.0     13   0.31    210     21  337.4  338.6  337.4
  335.0   8954  -24.8  -45.2     13   0.20    225     14  339.5  340.4  339.5
  324.0   9200  -26.7  -46.7     13   0.18    255     13  340.1  340.8  340.1
  317.0   9356  -28.2  -45.0     18   0.22    275     12  340.1  341.1  340.2
  300.0   9750  -31.9  -40.9     41   0.36    295     12  340.3  341.8  340.4
  299.0   9774  -32.1  -41.0     41   0.36    295     12  340.3  341.8  340.4
  293.0   9917  -33.5  -41.5     44   0.34    286     12  340.3  341.7  340.4
  287.0  10062  -33.5  -50.5     16   0.13    276     12  342.4  342.9  342.4
  283.0  10160  -34.1  -53.2     13   0.10    270     12  342.8  343.2  342.8
  252.0  10965  -39.5  -75.4      1   0.01    325     21  346.4  346.4  346.4
  250.0  11020  -39.9  -76.9      1   0.00    325     21  346.6  346.6  346.6
  249.0  11047  -40.1  -76.1      1   0.00    325     21  346.7  346.7  346.7
  200.0  12510  -51.7                         330     25  350.7         350.7
  199.0  12541  -51.9                         330     25  350.9         350.9
  175.0  13345  -58.1                         330      8  353.8         353.8
  155.0  14105  -63.9                         255      4  356.4         356.4
  150.0  14310  -65.5                         270      8  357.1         357.1
  129.0  15192  -71.5                         305     10  362.0         362.0
  119.0  15664  -74.7                         285      6  364.5         364.5
  109.0  16177  -78.2                         195      4  367.2         367.2
  105.0  16395  -79.7                         209      5  368.3         368.3
  102.0  16559  -80.1                         220      6  370.7         370.7
  100.0  16670  -80.3                         230      8  372.3         372.3