#65578 DIAP Abidjan Observations at 12Z 27 Apr 2015

#-----------------------------------------------------------------------------
#   PRES   HGHT   TEMP   DWPT   RELH   MIXR   DRCT   SKNT   THTA   THTE   THTV
#    hPa     m      C      C      %    g/kg    deg   knot     K      K      K 
#-----------------------------------------------------------------------------
 1013.0      8   30.0   20.0     55  14.75    240      8  302.0  345.8  304.7
 1000.0    116   29.0   19.0     55  14.03    230     10  302.1  343.8  304.7
  986.0    242   28.0   19.0     58  14.23    225      9  302.4  344.7  304.9
  958.0    497   26.8   16.8     54  12.72    213      9  303.6  341.7  306.0
  938.0    683   24.8   16.8     61  13.00    205      8  303.4  342.3  305.8
  925.0    806   24.2   16.2     61  12.68    200      8  304.1  342.1  306.4
  890.0   1143   23.6   12.8     51  10.54    150      8  306.8  338.9  308.8
  876.0   1282   23.4   11.4     47   9.75    134     10  308.0  337.9  309.8
  850.0   1544   21.8    8.8     43   8.43    105     16  309.0  335.0  310.5
  790.0   2175   19.0   -1.0     26   4.52     90     26  312.5  327.1  313.4
  753.0   2581   16.1   -4.7     24   3.61     80     33  313.7  325.5  314.4
  700.0   3199   11.8  -10.2     20   2.53     75     29  315.5  324.0  316.0
  656.0   3738    8.2  -13.8     19   2.02     68     25  317.4  324.3  317.8
  634.0   4016    6.1  -11.7     27   2.47     65     23  318.1  326.5  318.6
  575.0   4811    0.2   -5.8     64   4.34     79     19  320.2  334.6  321.0
  545.0   5239   -2.3   -6.8     71   4.24     87     17  322.1  336.3  323.0
  500.0   5920   -5.9  -11.9     63   3.09    100     14  325.8  336.4  326.4
  491.0   6062   -6.9  -12.9     62   2.90    101     14  326.2  336.3  326.8
  477.0   6288   -7.3  -20.3     35   1.61    104     14  328.5  334.3  328.8
  463.0   6519   -8.9  -14.9     62   2.61    106     14  329.3  338.5  329.8
  437.0   6965  -10.8  -26.4     27   1.02    110     14  332.3  336.2  332.6
  428.0   7125  -11.5  -30.5     19   0.71    140     12  333.4  336.2  333.6
  416.0   7343  -13.3  -25.3     36   1.18    181      9  333.9  338.3  334.1
  402.0   7602  -15.1  -34.9     17   0.49    230      6  334.9  336.8  335.0
  400.0   7640  -15.3  -36.3     15   0.43    230      6  335.0  336.7  335.1
  377.0   8082  -18.4  -41.8     11   0.26    185     14  336.6  337.7  336.7
  354.0   8551  -21.7  -47.7      8   0.15    204     16  338.3  338.9  338.3
  312.0   9470  -27.9  -41.9     25   0.31    243     22  342.1  343.4  342.1
  300.0   9750  -30.3  -61.3      3   0.03    255     23  342.6  342.7  342.6
  277.0  10307  -35.0  -66.0      3   0.02    265     29  343.7  343.8  343.7
  254.0  10912  -40.1  -71.1      2   0.01    240     24  344.7  344.8  344.8
  250.0  11020  -40.9  -71.9      2   0.01    235     23  345.1  345.2  345.1
  239.0  11316  -43.4  -70.4      4   0.01    240     16  345.8  345.8  345.8
  200.0  12490  -53.5  -64.5     25   0.03    255     27  347.9  348.0  347.9
  173.0  13408  -62.1  -71.1     29   0.02    258     30  348.4  348.5  348.4
  161.0  13847  -65.0  -75.0     24   0.01    260     31  350.7  350.8  350.7
  150.0  14280  -67.9  -78.9     19   0.01    245     29  352.9  353.0  352.9
  128.0  15217  -73.9  -85.9     14   0.00    230     32  358.5  358.5  358.5
  124.0  15403  -71.7  -84.7     13   0.00    226     32  365.8  365.8  365.8
  116.0  15792  -73.8  -88.5      9   0.00    220     33  368.9  368.9  368.9
  110.0  16102  -75.5  -91.5      7   0.00    273     17  371.4  371.4  371.4
  106.0  16315  -76.2  -93.4      5   0.00    310      6  374.0  374.0  374.0
  100.0  16650  -77.3  -96.3      4   0.00     50     17  378.1  378.1  378.1
   99.0  16706  -77.7  -96.8      3   0.00     50     23  378.5  378.5  378.5
   92.0  17116  -80.5 -100.6      2   0.00     40     37  380.9  380.9  380.9
   79.6  17924  -86.1 -108.1      1   0.00     60     19  385.5  385.5  385.5
   72.2  18465  -79.7 -103.7      1   0.00    107     13  409.9  409.9  409.9
   71.0  18560  -79.3 -103.3      1   0.00    115     12  412.8  412.8  412.8
   70.0  18640  -78.9 -102.9      1   0.00    100     14  415.3  415.3  415.3
   67.4  18856  -78.3 -100.3      2   0.00    105     25  421.1  421.1  421.1
   66.7  18916  -77.3 -100.3      2   0.00    107     28  424.5  424.5  424.5
   66.3  18951  -73.5  -97.5      2   0.00    107     29  433.5  433.5  433.5
   65.0  19068  -72.1  -95.8      2   0.00    110     35  439.0  439.0  439.0
   62.1  19338  -68.9  -91.9      2   0.00     96     35  451.9  451.9  451.9
   61.0  19445  -69.2  -92.6      2   0.00     90     35  453.6  453.6  453.6
   54.5  20117  -70.7  -96.7      1   0.00     94     39  464.9  464.9  464.9
   52.0  20400  -64.7  -92.7      1   0.00     95     41  485.0  485.0  485.0
   51.9  20412  -64.5  -92.5      1   0.00     95     40  485.9  485.9  485.9
   50.0  20640  -64.9  -92.9      1   0.00     95     31  490.1  490.1  490.1
   49.0  20763  -65.1  -93.1      1   0.00     90     27  492.6  492.6  492.6
   46.3  21107  -65.5  -93.5      1   0.00     73     34  499.6  499.6  499.6
   45.0  21282  -64.4  -92.7      1   0.00     65     37  506.4  506.4  506.4
   41.6  21764  -61.3  -90.3      1   0.00     71     42  525.5  525.5  525.5
   33.0  23213  -58.2  -87.9      1   0.01     90     56  569.7  569.8  569.7
   30.0  23810  -56.9  -86.9      1   0.01     80     51  588.9  589.0  588.9
   27.3  24407  -56.7  -87.7      1   0.01     84     52  605.6  605.6  605.6
   27.0  24478  -56.2  -87.3      1   0.01     85     52  608.8  608.9  608.8
   23.0  25512  -49.3  -82.3      1   0.02    120     30  657.7  657.9  657.7
   22.0  25804  -48.6  -81.6      1   0.02    130     23  668.1  668.3  668.1
   20.1  26399  -47.3  -80.3      1   0.03     78     16  689.6  690.0  689.6
 #  20.0                                        75     16                     
