1009.0      3   29.6   23.6     70  18.57     95      6  302.0  357.1  305.3
 1003.0     57   28.0   22.0     70  16.91     88      6  300.9  350.8  303.9
 1000.0     84   27.6   20.6     66  15.53     85      6  300.8  346.6  303.6
  997.0    111   27.4   20.4     66  15.38     80      6  300.8  346.2  303.6
  975.3    305   25.9   20.1     71  15.46     40      4  301.1  346.8  303.9
  942.1    610   23.4   19.7     80  15.59    355      5  301.7  347.8  304.5
  934.0    686   22.8   19.6     82  15.63    346      5  301.8  348.1  304.6
  925.0    771   22.4   19.2     82  15.38    335      5  302.2  347.9  305.0
  909.9    914   21.5   18.4     83  14.86    340      3  302.7  346.9  305.4
  878.4   1219   19.6   16.7     83  13.78    335      4  303.8  344.9  306.3
  854.0   1463   18.0   15.3     84  12.97    352      3  304.6  343.5  306.9
  850.0   1503   17.8   15.1     84  12.86    355      3  304.8  343.4  307.1
  847.0   1533   17.4   14.7     84  12.57    351      3  304.7  342.4  307.0
  842.0   1584   16.8   15.6     93  13.42    345      4  304.6  344.8  307.0
  820.0   1810   14.8   13.3     91  11.84    317      6  304.8  340.4  306.9
  818.1   1829   14.9   13.2     90  11.83    315      6  305.1  340.7  307.2
  806.0   1956   15.8   12.9     83  11.73    338      5  307.3  343.0  309.5
  789.3   2134   14.7   11.3     80  10.76     10      3  307.9  340.8  309.9
  771.0   2333   13.4    9.5     77   9.76     13      4  308.6  338.6  310.5
  761.4   2438   12.4   10.2     86  10.35     15      5  308.7  340.5  310.6
  757.0   2487   12.0   10.5     91  10.64      8      5  308.8  341.4  310.7
  734.2   2743   10.6    8.7     88   9.69    330      5  309.9  339.8  311.7
  732.0   2769   10.4    8.5     88   9.60    332      5  310.0  339.6  311.8
  726.0   2837   10.0    8.1     88   9.39    337      5  310.3  339.3  312.0
  700.0   3139    8.8    6.1     83   8.49      0      5  312.2  338.8  313.8
  699.0   3151    8.6    6.0     84   8.46    359      5  312.1  338.6  313.7
  668.0   3525    6.8    2.6     75   6.96    341      4  314.2  336.2  315.5
  661.0   3612    6.0    3.4     83   7.45    337      3  314.2  337.8  315.6
  657.3   3658    5.8    3.1     83   7.32    335      3  314.4  337.6  315.8
  634.0   3952    4.2    1.0     80   6.53    349      3  315.9  336.9  317.2
  609.9   4267    3.0   -1.8     71   5.53      5      4  318.1  336.1  319.2
  609.0   4279    3.0   -1.9     70   5.50      5      4  318.2  336.1  319.2
  591.0   4522    1.4   -2.2     77   5.54    359      5  319.1  337.2  320.1
  576.0   4728    0.0   -4.6     71   4.75    354      6  319.8  335.4  320.7
  572.0   4784   -0.3   -3.1     81   5.35    352      6  320.1  337.6  321.1
  566.0   4868   -0.9   -3.7     81   5.17    350      6  320.3  337.4  321.3
  565.4   4877   -0.9   -3.8     81   5.13    350      6  320.4  337.3  321.4
  552.0   5068   -1.3   -6.2     69   4.38    346      7  322.1  336.8  323.0
  534.0   5332   -3.1   -7.2     73   4.19    341      9  323.1  337.2  323.9
  510.0   5694   -4.7  -10.7     63   3.34    333     11  325.4  336.8  326.1
  500.0   5850   -5.5  -11.5     63   3.19    330     12  326.3  337.3  326.9
  485.0   6089   -6.7  -12.7     62   2.99    335     12  327.6  338.0  328.2
  484.6   6096   -6.7  -13.0     61   2.92    335     12  327.7  337.8  328.3
  480.0   6170   -7.1  -16.1     49   2.28    333     12  328.1  336.2  328.6
  471.0   6317   -8.1  -15.1     57   2.53    329     12  328.7  337.6  329.2
  468.0   6367   -8.1  -21.1     34   1.53    328     12  329.3  334.8  329.6
  462.0   6467   -8.5  -22.5     31   1.37    325     13  330.0  335.0  330.2
  457.0   6552   -9.1  -20.1     41   1.71    323     13  330.3  336.4  330.6
  446.0   6740  -10.5  -24.5     31   1.19    318     13  330.8  335.2  331.0
  439.0   6862  -11.3  -22.3     40   1.47    314     13  331.3  336.7  331.6
  436.0   6914  -11.7  -24.7     33   1.19    313     13  331.4  335.9  331.7
  424.0   7128  -13.3  -25.0     37   1.20    307     13  332.0  336.5  332.3
  410.0   7383  -14.3  -25.3     39   1.20    300     14  333.9  338.4  334.2
  400.0   7570  -15.3  -27.3     35   1.02    295     14  335.0  338.9  335.2
  397.4   7620  -15.6  -28.4     32   0.93    290     14  335.3  338.9  335.5
  394.0   7684  -15.9  -29.9     29   0.82    292     14  335.7  338.8  335.9
  368.0   8195  -19.7  -32.7     31   0.67    306     11  337.2  339.9  337.4
  357.0   8420  -21.3  -39.3     18   0.36    313     10  338.0  339.5  338.1
  351.0   8545  -22.1  -57.1      3   0.05    316      9  338.6  338.8  338.6
  337.2   8839  -24.2  -64.9      1   0.02    325      8  339.6  339.7  339.6
  334.0   8908  -24.7  -66.7      1   0.01    323      8  339.9  339.9  339.9
  323.2   9144  -26.6  -68.0      1   0.01    315      9  340.4  340.4  340.4
  300.0   9680  -31.1  -71.1      1   0.01    315     12  341.4  341.5  341.4
  261.0  10648  -39.3  -75.3      1   0.01    281     23  343.2  343.3  343.2
  250.0  10940  -42.1  -71.1      3   0.01    270     26  343.3  343.4  343.3
  248.8  10973  -42.4  -71.1      3   0.01    270     26  343.4  343.4  343.4
  226.8  11582  -47.8  -70.7      5   0.01    270     24  344.4  344.4  344.4
  206.7  12192  -53.2  -70.2     11   0.01    245     23  345.1  345.2  345.1
  200.0  12410  -55.1  -70.1     14   0.02    245     22  345.4  345.4  345.4
  193.0  12636  -57.1  -71.1     15   0.01    247     23  345.7  345.8  345.7
  162.0  13716  -66.1  -78.3     17   0.01    255     26  348.2  348.2  348.2
  159.0  13831  -67.1  -79.1     17   0.00    249     25  348.4  348.5  348.4
  154.0  14021  -68.4  -79.9     18   0.00    240     22  349.4  349.4  349.4
  150.0  14180  -69.5  -80.5     19   0.00    245     18  350.2  350.2  350.2
  139.0  14630  -73.5  -83.6     20   0.00    270     15  350.8  350.8  350.8
  138.0  14673  -73.9  -83.9     20   0.00    273     16  350.9  350.9  350.9
  131.9  14935  -75.2  -85.2     20   0.00    290     20  353.0  353.1  353.0
  129.0  15065  -75.9  -85.9     20   0.00    284     23  354.1  354.1  354.1
  126.0  15201  -75.7  -85.7     20   0.00    277     27  356.9  356.9  356.9
  125.1  15240  -75.9  -85.8     20   0.00    275     28  357.2  357.2  357.2
  113.0  15827  -78.7  -87.7     22   0.00    253     19  362.5  362.6  362.5
  109.0  16032  -78.9  -87.9     22   0.00    245     15  365.9  365.9  365.9
  102.0  16408  -80.9  -89.9     21   0.00    230      9  369.1  369.1  369.1
  101.0  16464  -80.7  -89.7     21   0.00    188      7  370.5  370.5  370.5
  100.0  16520  -79.9  -88.9     22   0.00    145      5  373.1  373.1  373.1

