#-----------------------------------------------------------------------------
#   PRES   HGHT   TEMP   DWPT   RELH   MIXR   DRCT   SKNT   THTA   THTE   THTV
#    hPa     m      C      C      %    g/kg    deg   knot     K      K      K 
#-----------------------------------------------------------------------------
 1012.0      8   29.4   26.0     82  21.47      0      2  301.5  365.2  305.4
 1008.0     44   26.4   22.7     80  17.58    309      3  298.9  350.3  302.0
 1000.0    115   26.0   23.1     84  18.17    205      4  299.1  352.4  302.4
  981.0    284   24.4   22.5     89  17.85    168      4  299.2  351.5  302.4
  925.0    799   22.0   17.6     76  13.88     55      5  301.8  342.9  304.3
  878.0   1249   19.3   13.9     71  11.50     60     11  303.5  337.9  305.6
  864.0   1388   18.4   12.8     69  10.83     50     13  304.0  336.6  306.0
  850.0   1529   17.6   11.6     68  10.19     70     14  304.6  335.3  306.4
  836.0   1671   16.4   10.4     68   9.56     80     16  304.8  333.7  306.5
  814.0   1898   15.4    1.3     38   5.19     95     18  306.1  322.2  307.0
  809.0   1950   15.2   -0.8     33   4.48     97     19  306.4  320.4  307.2
  801.0   2034   14.7    0.6     38   5.01    100     21  306.7  322.4  307.6
  767.0   2400   12.6    6.6     67   8.03    112     19  308.2  333.0  309.7
  757.0   2509   12.1    6.0     67   7.83    115     18  308.8  333.1  310.3
  729.0   2824   10.5    4.5     66   7.29    100     19  310.4  333.2  311.8
  717.0   2963    9.8    3.8     66   7.06    120     18  311.2  333.3  312.5
  700.0   3163    8.8    2.8     66   6.73    110     15  312.2  333.4  313.5
  695.0   3222    8.4    3.7     72   7.23    109     15  312.4  335.2  313.8
  679.0   3413    7.3    2.6     72   6.85    105     16  313.3  334.9  314.6
  632.0   4001    4.0   -0.8     71   5.77    115     14  315.9  334.5  317.0
  614.0   4238    2.6   -2.1     71   5.37    107     13  317.0  334.4  318.0
  610.0   4291    2.6   -2.8     67   5.12    105     13  317.6  334.2  318.6
  607.0   4330    2.6   -3.4     65   4.93     98     12  318.0  334.1  319.0
  600.0   4424    3.1  -16.9     21   1.71     80     10  319.7  325.6  320.0
  599.0   4438    3.2  -18.8     18   1.45     80     10  319.9  325.1  320.2
  585.0   4629    1.6   -6.4     55   4.07     87      7  320.2  333.8  321.0
  578.0   4726    1.2   -7.6     52   3.76     90      5  320.8  333.4  321.6
  555.0   5051   -0.3  -11.6     42   2.86     95     10  322.8  332.6  323.4
  531.0   5405   -1.9  -15.9     33   2.10     58     12  325.0  332.4  325.4
  526.0   5480   -2.5  -15.9     35   2.12     50     13  325.1  332.6  325.6
  509.0   5739   -4.7  -15.9     41   2.19     65     10  325.6  333.2  326.0
  501.0   5864   -5.8  -15.9     45   2.22     35     10  325.8  333.6  326.2
  500.0   5880   -5.9  -15.9     45   2.23     35     10  325.8  333.6  326.2
  481.0   6181   -8.3  -14.6     60   2.57     90     10  326.4  335.4  326.9
  473.0   6311   -9.4  -14.1     69   2.74     85     14  326.7  336.2  327.2
  469.0   6377   -9.9  -13.8     73   2.82     88     15  326.8  336.6  327.4
  442.0   6833  -11.2  -19.8     49   1.80    110     19  330.8  337.3  331.1
  440.0   6868  -11.3  -20.3     47   1.74    115     19  331.1  337.4  331.4
  430.0   7043  -12.8  -20.9     51   1.69    140     18  331.3  337.4  331.6
  418.0   7258  -14.7  -21.7     55   1.62    145     21  331.6  337.5  331.9
  408.0   7441  -15.7  -27.1     37   1.02    150     23  332.6  336.5  332.8
  400.0   7590  -16.5  -31.5     26   0.69    165     22  333.5  336.1  333.6
  382.0   7935  -18.1  -44.5      8   0.19    195     21  335.8  336.6  335.8
  375.0   8073  -18.7  -49.7      5   0.11    197     21  336.8  337.2  336.8
  354.0   8494  -22.5  -47.2      9   0.15    205     19  337.3  337.9  337.3
  346.0   8661  -24.0  -46.2     11   0.18    220     17  337.4  338.2  337.5
  318.0   9277  -29.5  -42.5     27   0.29    220     19  338.0  339.2  338.1
  310.0   9457  -31.0  -45.3     23   0.22    220     19  338.4  339.3  338.4
  305.0   9573  -31.9  -47.1     21   0.18    230     15  338.6  339.4  338.7
  300.0   9690  -32.9  -48.9     19   0.15    240     16  338.9  339.5  338.9
